{
    "animation": [
        {
            "name": "Root",
            "time": [0.0, 0.2667],
            "transform": [
                [1.0, -0.0, 1e-06, -5e-06, 0.0, -0.911346, -0.411642, 0.000946, 1e-06, 0.411642, -0.911347, 0.763972, 0.0, 0.0, 0.0, 1.0],
                [1.0, -0.0, 1e-06, -5e-06, 0.0, -0.911346, -0.411642, 0.000946, 1e-06, 0.411642, -0.911347, 0.763972, 0.0, 0.0, 0.0, 1.0]
            ]
        },
        {
            "name": "Thigh_R",
            "time": [0.0, 0.2667],
            "transform": [
                [0.750131, 0.660916, -0.022205, 0.124994, 0.650756, -0.743737, -0.152874, 2.119813, -0.117552, 0.100225, -0.987996, 0.110689, 0.0, 0.0, 0.0, 1.0],
                [0.750131, 0.660916, -0.022205, 0.124994, 0.650756, -0.743737, -0.152874, 2.119813, -0.117552, 0.100225, -0.987996, 0.110689, 0.0, 0.0, 0.0, 1.0]
            ]
        },
        {
            "name": "Leg_R",
            "time": [0.0, 0.2667],
            "transform": [
                [0.745275, 0.046759, -0.665116, -0.0, 0.663848, -0.145129, 0.733651, 1.512407, -0.062223, -0.988307, -0.139202, 0.0, 0.0, 0.0, 0.0, 1.0],
                [0.745275, 0.046759, -0.665116, -0.0, 0.663848, -0.145129, 0.733651, 1.512407, -0.062223, -0.988307, -0.139202, 0.0, 0.0, 0.0, 0.0, 1.0]
            ]
        },
        {
            "name": "Foot_R",
            "time": [0.0, 0.2667],
            "transform": [
                [0.997642, 0.005081, -0.068437, 0.0, -0.051853, -0.59742, -0.800251, 1.602064, -0.044952, 0.801913, -0.595748, 0.0, 0.0, 0.0, 0.0, 1.0],
                [0.997642, 0.005081, -0.068437, 0.0, -0.051853, -0.59742, -0.800251, 1.602064, -0.044952, 0.801913, -0.595748, 0.0, 0.0, 0.0, 0.0, 1.0]
            ]
        },
        {
            "name": "Knee_R",
            "time": [0.0, 0.2667],
            "transform": [
                [0.750131, -0.544675, 0.375009, -0.73209, 0.660916, 0.636546, -0.397492, 0.891879, -0.022206, 0.546021, 0.837477, -0.028518, 0.0, 0.0, 0.0, 1.0],
                [0.750131, -0.544675, 0.375009, -0.73209, 0.660916, 0.636546, -0.397492, 0.891879, -0.022206, 0.546021, 0.837477, -0.028518, 0.0, 0.0, 0.0, 1.0]
            ]
        },
        {
            "name": "Torso",
            "time": [0.0, 0.2667],
            "transform": [
                [1.0, 1e-06, 1e-06, 0.0, -0.0, -0.745466, 0.666544, 1.907867, 1e-06, -0.666544, -0.745465, -0.0, 0.0, 0.0, 0.0, 1.0],
                [1.0, 1e-06, 1e-06, 0.0, -0.0, -0.745466, 0.666544, 1.907867, 1e-06, -0.666544, -0.745465, -0.0, 0.0, 0.0, 0.0, 1.0]
            ]
        },
        {
            "name": "Chest",
            "time": [0.0, 0.2667],
            "transform": [
                [0.999969, -0.005943, -0.005148, -0.0, 0.004761, 0.978741, -0.205047, 1.597809, 0.006257, 0.205016, 0.978738, 0.0, 0.0, 0.0, 0.0, 1.0],
                [0.999969, -0.005943, -0.005148, -0.0, 0.004761, 0.978741, -0.205047, 1.597809, 0.006257, 0.205016, 0.978738, 0.0, 0.0, 0.0, 0.0, 1.0]
            ]
        },
        {
            "name": "Neck1",
            "time": [0.0, 0.2667],
            "transform": [
                [0.999816, -0.009647, 0.01656, 0.0, 0.012489, 0.983376, -0.181152, 1.566051, -0.014537, 0.181325, 0.983316, -0.0, 0.0, 0.0, 0.0, 1.0],
                [0.999816, -0.009647, 0.01656, 0.0, 0.012489, 0.983376, -0.181152, 1.566051, -0.014537, 0.181325, 0.983316, -0.0, 0.0, 0.0, 0.0, 1.0]
            ]
        },
        {
            "name": "Neck2",
            "time": [0.0, 0.2667],
            "transform": [
                [0.999715, 0.022699, -0.007322, 0.0, -0.019641, 0.957664, 0.287216, 0.96958, 0.013531, -0.28699, 0.957838, 0.0, 0.0, 0.0, 0.0, 1.0],
                [0.999715, 0.022699, -0.007322, 0.0, -0.019641, 0.957664, 0.287216, 0.96958, 0.013531, -0.28699, 0.957838, 0.0, 0.0, 0.0, 0.0, 1.0]
            ]
        },
        {
            "name": "Neck3",
            "time": [0.0, 0.2667],
            "transform": [
                [0.999826, 0.013873, -0.012438, 0.0, -0.00514, 0.847002, 0.531565, 1.184395, 0.01791, -0.531409, 0.846926, -0.0, 0.0, 0.0, 0.0, 1.0],
                [0.999826, 0.013873, -0.012438, 0.0, -0.00514, 0.847002, 0.531565, 1.184395, 0.01791, -0.531409, 0.846926, -0.0, 0.0, 0.0, 0.0, 1.0]
            ]
        },
        {
            "name": "Head",
            "time": [0.0, 0.2667],
            "transform": [
                [0.999804, -0.019422, 0.003939, -0.0, 0.016711, 0.93312, 0.359177, 0.979431, -0.010651, -0.359041, 0.933261, -0.0, 0.0, 0.0, 0.0, 1.0],
                [0.999804, -0.019422, 0.003939, -0.0, 0.016711, 0.93312, 0.359177, 0.979431, -0.010651, -0.359041, 0.933261, -0.0, 0.0, 0.0, 0.0, 1.0]
            ]
        },
        {
            "name": "Chin",
            "time": [0.0, 0.2667],
            "transform": [
                [0.999804, -0.019761, -0.001509, -0.004603, 0.018126, 0.880945, 0.472872, 1.013488, -0.008015, -0.472806, 0.88113, -0.378762, 0.0, 0.0, 0.0, 1.0],
                [0.999804, -0.019761, -0.001509, -0.004603, 0.018126, 0.880945, 0.472872, 1.013488, -0.008015, -0.472806, 0.88113, -0.378762, 0.0, 0.0, 0.0, 1.0]
            ]
        },
        {
            "name": "Shoulder_R",
            "time": [0.0, 0.2667],
            "transform": [
                [-0.189226, 0.45772, 0.868726, 0.0, -0.70803, -0.676596, 0.202265, 1.566051, 0.680357, -0.57681, 0.45211, -0.0, 0.0, 0.0, 0.0, 1.0],
                [-0.189226, 0.45772, 0.868726, 0.0, -0.70803, -0.676596, 0.202265, 1.566051, 0.680357, -0.57681, 0.45211, -0.0, 0.0, 0.0, 0.0, 1.0]
            ]
        },
        {
            "name": "Arm_R",
            "time": [0.0, 0.2667],
            "transform": [
                [-0.197947, -0.466315, -0.862188, 0.0, 0.479112, 0.721333, -0.500131, 2.224043, 0.855143, -0.512084, 0.080631, 0.0, 0.0, 0.0, 0.0, 1.0],
                [-0.197947, -0.466315, -0.862188, 0.0, 0.479112, 0.721333, -0.500131, 2.224043, 0.855143, -0.512084, 0.080631, 0.0, 0.0, 0.0, 0.0, 1.0]
            ]
        },
        {
            "name": "Hand_R",
            "time": [0.0, 0.2667],
            "transform": [
                [0.99861, -0.024504, -0.046663, -0.0, -0.035659, 0.337842, -0.940527, 1.317757, 0.038811, 0.940884, 0.336499, 0.0, 0.0, 0.0, 0.0, 1.0],
                [0.99861, -0.024504, -0.046663, -0.0, -0.035659, 0.337842, -0.940527, 1.317757, 0.038811, 0.940884, 0.336499, 0.0, 0.0, 0.0, 0.0, 1.0]
            ]
        },
        {
            "name": "wing_R",
            "time": [0.0, 0.1333, 0.2667],
            "transform": [
                [-0.081605, 0.827789, -0.555073, 0.0, -0.965879, -0.203037, -0.160792, 1.566051, -0.245802, 0.523012, 0.816113, -0.0, 0.0, 0.0, 0.0, 1.0],
                [0.13771, 0.631739, -0.762851, 0.0, -0.95319, -0.124796, -0.275416, 1.566051, -0.269192, 0.76507, 0.584982, -0.0, 0.0, 0.0, 0.0, 1.0],
                [-0.081605, 0.827789, -0.555073, 0.0, -0.965879, -0.203037, -0.160792, 1.566051, -0.245802, 0.523012, 0.816113, -0.0, 0.0, 0.0, 0.0, 1.0]
            ]
        },
        {
            "name": "wing_1_R",
            "time": [0.0, 0.2667],
            "transform": [
                [0.843009, -0.503241, 0.189958, -0.0, 0.287029, 0.719523, 0.632378, 3.417457, -0.454917, -0.478577, 0.751009, -0.0, 0.0, 0.0, 0.0, 1.0],
                [0.843009, -0.503241, 0.189958, -0.0, 0.287029, 0.719523, 0.632378, 3.417457, -0.454917, -0.478577, 0.751009, -0.0, 0.0, 0.0, 0.0, 1.0]
            ]
        },
        {
            "name": "wing_1_1_R",
            "time": [0.0, 0.2667],
            "transform": [
                [0.356065, 0.922331, 0.150075, -0.0, -0.933288, 0.342956, 0.106557, 2.891647, 0.046812, -0.178005, 0.982916, 0.0, 0.0, 0.0, 0.0, 1.0],
                [0.356065, 0.922331, 0.150075, -0.0, -0.933288, 0.342956, 0.106557, 2.891647, 0.046812, -0.178005, 0.982916, 0.0, 0.0, 0.0, 0.0, 1.0]
            ]
        },
        {
            "name": "wing_1_2_R",
            "time": [0.0, 0.2667],
            "transform": [
                [-0.137357, 0.839736, -0.525334, -0.0, -0.614663, -0.488155, -0.619592, 2.891647, -0.776739, 0.237798, 0.583206, 0.0, 0.0, 0.0, 0.0, 1.0],
                [-0.137357, 0.839736, -0.525334, -0.0, -0.614663, -0.488155, -0.619592, 2.891647, -0.776739, 0.237798, 0.583206, 0.0, 0.0, 0.0, 0.0, 1.0]
            ]
        },
        {
            "name": "wing_2_R",
            "time": [0.0, 0.2667],
            "transform": [
                [0.118462, 0.988359, -0.095466, -0.0, -0.977469, 0.099158, -0.186341, 3.417457, -0.174706, 0.115389, 0.977836, -0.0, 0.0, 0.0, 0.0, 1.0],
                [0.118462, 0.988359, -0.095466, -0.0, -0.977469, 0.099158, -0.186341, 3.417457, -0.174706, 0.115389, 0.977836, -0.0, 0.0, 0.0, 0.0, 1.0]
            ]
        },
        {
            "name": "Shoulder_L",
            "time": [0.0, 0.2667],
            "transform": [
                [-0.187792, -0.471644, -0.86156, 0.018623, 0.710271, -0.671072, 0.212549, 1.56594, -0.678416, -0.572026, 0.461017, -9.6e-05, 0.0, 0.0, 0.0, 1.0],
                [-0.187792, -0.471644, -0.86156, 0.018623, 0.710271, -0.671072, 0.212549, 1.56594, -0.678416, -0.572026, 0.461017, -9.6e-05, 0.0, 0.0, 0.0, 1.0]
            ]
        },
        {
            "name": "Arm_L",
            "time": [0.0, 0.2667],
            "transform": [
                [-0.197947, 0.466315, 0.862188, 0.0, -0.479112, 0.721333, -0.500131, 2.224043, -0.855143, -0.512084, 0.080631, 0.0, 0.0, 0.0, 0.0, 1.0],
                [-0.197947, 0.466315, 0.862188, 0.0, -0.479112, 0.721333, -0.500131, 2.224043, -0.855143, -0.512084, 0.080631, 0.0, 0.0, 0.0, 0.0, 1.0]
            ]
        },
        {
            "name": "Hand_L",
            "time": [0.0, 0.2667],
            "transform": [
                [0.99861, 0.024504, 0.046663, 0.0, 0.035659, 0.337842, -0.940527, 1.317757, -0.038812, 0.940884, 0.336499, -0.0, 0.0, 0.0, 0.0, 1.0],
                [0.99861, 0.024504, 0.046663, 0.0, 0.035659, 0.337842, -0.940527, 1.317757, -0.038812, 0.940884, 0.336499, -0.0, 0.0, 0.0, 0.0, 1.0]
            ]
        },
        {
            "name": "wing_L",
            "time": [0.0, 0.1333, 0.2667],
            "transform": [
                [-0.05604, -0.815927, 0.575432, 0.018623, 0.962739, -0.196876, -0.185399, 1.56594, 0.264561, 0.543601, 0.796558, -9.6e-05, 0.0, 0.0, 0.0, 1.0],
                [0.110598, -0.66427, 0.739265, 0.018623, 0.966401, -0.101777, -0.236031, 1.56594, 0.232029, 0.740531, 0.630695, -9.6e-05, 0.0, 0.0, 0.0, 1.0],
                [-0.05604, -0.815927, 0.575432, 0.018623, 0.962739, -0.196876, -0.185399, 1.56594, 0.264561, 0.543601, 0.796558, -9.6e-05, 0.0, 0.0, 0.0, 1.0]
            ]
        },
        {
            "name": "wing_1_L",
            "time": [0.0, 0.2667],
            "transform": [
                [0.843009, 0.503241, -0.189958, -0.0, -0.287029, 0.719523, 0.632378, 3.417457, 0.454917, -0.478577, 0.751009, 0.0, 0.0, 0.0, 0.0, 1.0],
                [0.843009, 0.503241, -0.189958, -0.0, -0.287029, 0.719523, 0.632378, 3.417457, 0.454917, -0.478577, 0.751009, 0.0, 0.0, 0.0, 0.0, 1.0]
            ]
        },
        {
            "name": "wing_1_1_L",
            "time": [0.0, 0.2667],
            "transform": [
                [0.356065, -0.922332, -0.150075, -0.0, 0.933288, 0.342956, 0.106557, 2.891647, -0.046812, -0.178005, 0.982916, 0.0, 0.0, 0.0, 0.0, 1.0],
                [0.356065, -0.922332, -0.150075, -0.0, 0.933288, 0.342956, 0.106557, 2.891647, -0.046812, -0.178005, 0.982916, 0.0, 0.0, 0.0, 0.0, 1.0]
            ]
        },
        {
            "name": "wing_1_2_L",
            "time": [0.0, 0.2667],
            "transform": [
                [-0.137358, -0.839736, 0.525334, -0.0, 0.614663, -0.488155, -0.619592, 2.891647, 0.776739, 0.237798, 0.583206, 0.0, 0.0, 0.0, 0.0, 1.0],
                [-0.137358, -0.839736, 0.525334, -0.0, 0.614663, -0.488155, -0.619592, 2.891647, 0.776739, 0.237798, 0.583206, 0.0, 0.0, 0.0, 0.0, 1.0]
            ]
        },
        {
            "name": "wing_2_L",
            "time": [0.0, 0.2667],
            "transform": [
                [0.118461, -0.988359, 0.095465, -0.0, 0.977469, 0.099157, -0.186341, 3.417457, 0.174706, 0.115389, 0.977836, 0.0, 0.0, 0.0, 0.0, 1.0],
                [0.118461, -0.988359, 0.095465, -0.0, 0.977469, 0.099157, -0.186341, 3.417457, 0.174706, 0.115389, 0.977836, 0.0, 0.0, 0.0, 0.0, 1.0]
            ]
        },
        {
            "name": "Tail1",
            "time": [0.0, 0.2667],
            "transform": [
                [1.0, -1e-06, 0.0, 0.124994, 1e-06, 0.900287, -0.435297, 2.119813, 0.0, 0.435297, 0.900287, 0.110689, 0.0, 0.0, 0.0, 1.0],
                [1.0, -1e-06, 0.0, 0.124994, 1e-06, 0.900287, -0.435297, 2.119813, 0.0, 0.435297, 0.900287, 0.110689, 0.0, 0.0, 0.0, 1.0]
            ]
        },
        {
            "name": "Tail2",
            "time": [0.0, 0.2667],
            "transform": [
                [1.0, -1e-06, 0.0, 0.0, 1e-06, 0.883459, -0.468508, 1.31053, 0.0, 0.468508, 0.883459, 0.0, 0.0, 0.0, 0.0, 1.0],
                [1.0, -1e-06, 0.0, 0.0, 1e-06, 0.883459, -0.468508, 1.31053, 0.0, 0.468508, 0.883459, 0.0, 0.0, 0.0, 0.0, 1.0]
            ]
        },
        {
            "name": "Tail3",
            "time": [0.0, 0.2667],
            "transform": [
                [1.0, 0.0, 0.0, -0.0, -0.0, 0.988175, 0.153332, 1.446767, 0.0, -0.153332, 0.988175, 0.0, 0.0, 0.0, 0.0, 1.0],
                [1.0, 0.0, 0.0, -0.0, -0.0, 0.988175, 0.153332, 1.446767, 0.0, -0.153332, 0.988175, 0.0, 0.0, 0.0, 0.0, 1.0]
            ]
        },
        {
            "name": "Tail4",
            "time": [0.0, 0.2667],
            "transform": [
                [1.0, 0.0, 0.0, -0.0, -0.0, 0.974202, 0.225678, 1.639527, -0.0, -0.225678, 0.974202, 0.0, 0.0, 0.0, 0.0, 1.0],
                [1.0, 0.0, 0.0, -0.0, -0.0, 0.974202, 0.225678, 1.639527, -0.0, -0.225678, 0.974202, 0.0, 0.0, 0.0, 0.0, 1.0]
            ]
        },
        {
            "name": "Tail5",
            "time": [0.0, 0.2667],
            "transform": [
                [1.0, 0.0, 0.0, 0.0, -0.0, 0.978892, 0.204378, 1.615655, 0.0, -0.204378, 0.978892, 0.0, 0.0, 0.0, 0.0, 1.0],
                [1.0, 0.0, 0.0, 0.0, -0.0, 0.978892, 0.204378, 1.615655, 0.0, -0.204378, 0.978892, 0.0, 0.0, 0.0, 0.0, 1.0]
            ]
        },
        {
            "name": "Tail6",
            "time": [0.0, 0.2667],
            "transform": [
                [1.0, 0.0, 0.0, 0.0, -0.0, 0.978267, 0.207348, 1.514453, 0.0, -0.207348, 0.978267, 0.0, 0.0, 0.0, 0.0, 1.0],
                [1.0, 0.0, 0.0, 0.0, -0.0, 0.978267, 0.207348, 1.514453, 0.0, -0.207348, 0.978267, 0.0, 0.0, 0.0, 0.0, 1.0]
            ]
        },
        {
            "name": "Thigh_L",
            "time": [0.0, 0.2667],
            "transform": [
                [0.750131, -0.660916, 0.022208, -0.124985, -0.650756, -0.743737, -0.152874, 2.119813, 0.117553, 0.100223, -0.987996, 0.110688, 0.0, 0.0, 0.0, 1.0],
                [0.750131, -0.660916, 0.022208, -0.124985, -0.650756, -0.743737, -0.152874, 2.119813, 0.117553, 0.100223, -0.987996, 0.110688, 0.0, 0.0, 0.0, 1.0]
            ]
        },
        {
            "name": "Leg_L",
            "time": [0.0, 0.2667],
            "transform": [
                [0.745275, -0.046759, 0.665116, -0.0, -0.663848, -0.145129, 0.733651, 1.512407, 0.062223, -0.988307, -0.139202, 0.0, 0.0, 0.0, 0.0, 1.0],
                [0.745275, -0.046759, 0.665116, -0.0, -0.663848, -0.145129, 0.733651, 1.512407, 0.062223, -0.988307, -0.139202, 0.0, 0.0, 0.0, 0.0, 1.0]
            ]
        },
        {
            "name": "Foot_L",
            "time": [0.0, 0.2667],
            "transform": [
                [0.997642, -0.005081, 0.068437, -0.0, 0.051853, -0.59742, -0.800251, 1.602064, 0.044952, 0.801913, -0.595748, 0.0, 0.0, 0.0, 0.0, 1.0],
                [0.997642, -0.005081, 0.068437, -0.0, 0.051853, -0.59742, -0.800251, 1.602064, 0.044952, 0.801913, -0.595748, 0.0, 0.0, 0.0, 0.0, 1.0]
            ]
        },
        {
            "name": "Knee_L",
            "time": [0.0, 0.2667],
            "transform": [
                [0.750131, 0.544675, -0.375009, 0.73209, -0.660916, 0.636546, -0.397492, 0.89188, 0.022206, 0.546021, 0.837477, -0.028518, 0.0, 0.0, 0.0, 1.0],
                [0.750131, 0.544675, -0.375009, 0.73209, -0.660916, 0.636546, -0.397492, 0.89188, 0.022206, 0.546021, 0.837477, -0.028518, 0.0, 0.0, 0.0, 1.0]
            ]
        }
    ]
}