{
    "animation": [
        {
            "name": "Root",
            "time": [0.0, 0.0417, 0.0833, 0.125, 0.1667, 0.2083, 0.25, 0.2917, 0.3333, 0.375, 0.4167, 0.4583, 0.5, 0.5417, 0.5833, 0.625, 0.6667, 0.7083, 0.75, 0.7917, 0.8333, 0.875, 0.9167, 0.9583, 1.0, 1.0417, 1.0833, 1.125, 1.1667, 1.2083, 1.25, 1.2917, 1.3333, 1.375, 1.4167, 1.4583, 1.5, 1.5417, 1.5833, 1.625, 1.6667, 1.7083, 1.75, 1.7917, 1.8333, 1.875, 1.9167, 1.9583, 2.0, 2.0417, 2.0833, 2.125, 2.1667, 2.2083, 2.25, 2.2917, 2.3333, 2.375, 2.4167, 2.4583, 2.5, 2.5417, 2.5833, 2.625, 2.6667, 2.7083, 2.75, 2.7917, 2.8333, 2.875, 2.9167, 2.9583, 3.0, 3.0417, 3.0833, 3.125, 3.1667, 3.2083, 3.25, 3.2917, 3.3333, 3.375, 3.4167, 3.4583, 3.5, 3.5417, 3.5833, 3.625, 3.6667, 3.7083, 3.75, 3.7917, 3.8333, 3.875, 3.9167, 3.9583, 4.0, 4.0417, 4.0833, 4.125, 4.1667, 4.2083, 4.25, 4.2917, 4.3333, 4.375, 4.4167, 4.4583, 4.5, 4.5417, 4.5833, 4.625, 4.6667, 4.7083, 4.75, 4.7917, 4.8333, 4.875, 4.9167, 4.9583, 5.0, 5.0417, 5.0833, 5.125, 5.1667, 5.2083, 5.25, 5.2917, 5.3333, 5.375, 5.4167, 5.4583, 5.5, 5.5417, 5.5833, 5.625, 5.6667, 5.7083],
            "transform": [
                [-1.0, 0.0, -0.0, 2.9e-05, -0.0, -0.0, 1.0, 0.000237, -0.0, 1.0, 0.0, 0.410164, 0.0, 0.0, 0.0, 1.0],
                [-1.0, 0.0, -0.0, -0.025852, -0.0, -0.0, 1.0, 0.035982, -0.0, 1.0, 0.0, 0.410164, 0.0, 0.0, 0.0, 1.0],
                [-1.0, 0.0, -0.0, -0.068413, -0.0, -0.0, 1.0, 0.098782, -0.0, 1.0, 0.0, 0.410164, 0.0, 0.0, 0.0, 1.0],
                [-1.0, 0.0, -0.0, -0.091156, -0.0, -0.0, 1.0, 0.141908, -0.0, 1.0, 0.0, 0.410164, 0.0, 0.0, 0.0, 1.0],
                [-1.0, 0.0, -0.0, -0.099893, -0.0, -0.0, 1.0, 0.176634, -0.0, 1.0, 0.0, 0.410164, 0.0, 0.0, 0.0, 1.0],
                [-1.0, 0.0, -0.0, -0.098945, -0.0, -0.0, 1.0, 0.207528, -0.0, 1.0, 0.0, 0.410164, 0.0, 0.0, 0.0, 1.0],
                [-1.0, 0.0, -0.0, -0.095823, -0.0, -0.0, 1.0, 0.235875, -0.0, 1.0, 0.0, 0.410164, 0.0, 0.0, 0.0, 1.0],
                [-1.0, 0.0, -0.0, -0.091509, -0.0, -0.0, 1.0, 0.260461, -0.0, 1.0, 0.0, 0.410164, 0.0, 0.0, 0.0, 1.0],
                [-1.0, 0.0, -0.0, -0.086222, -0.0, -0.0, 1.0, 0.277512, -0.0, 1.0, 0.0, 0.410164, 0.0, 0.0, 0.0, 1.0],
                [-1.0, 0.0, -0.0, -0.079488, -0.0, -0.0, 1.0, 0.296901, -0.0, 1.0, 0.0, 0.410164, 0.0, 0.0, 0.0, 1.0],
                [-1.0, 0.0, -0.0, -0.071752, -0.0, -0.0, 1.0, 0.332827, -0.0, 1.0, 0.0, 0.410164, 0.0, 0.0, 0.0, 1.0],
                [-1.0, 0.0, -0.0, -0.061002, -0.0, -0.0, 1.0, 0.37992, -0.0, 1.0, 0.0, 0.410164, 0.0, 0.0, 0.0, 1.0],
                [-1.0, 0.0, -0.0, -0.042758, -0.0, -0.0, 1.0, 0.431985, -0.0, 1.0, 0.0, 0.410164, 0.0, 0.0, 0.0, 1.0],
                [-1.0, 0.0, -0.0, -0.020803, -0.0, -0.0, 1.0, 0.487428, -0.0, 1.0, 0.0, 0.410164, 0.0, 0.0, 0.0, 1.0],
                [-1.0, 0.0, -0.0, 0.002617, -0.0, -0.0, 1.0, 0.546055, -0.0, 1.0, 0.0, 0.410164, 0.0, 0.0, 0.0, 1.0],
                [-1.0, 0.0, -0.0, 0.024898, -0.0, -0.0, 1.0, 0.612359, -0.0, 1.0, 0.0, 0.410164, 0.0, 0.0, 0.0, 1.0],
                [-1.0, 0.0, -0.0, 0.04558, -0.0, -0.0, 1.0, 0.686379, -0.0, 1.0, 0.0, 0.410164, 0.0, 0.0, 0.0, 1.0],
                [-1.0, 0.0, -0.0, 0.063537, -0.0, -0.0, 1.0, 0.771357, -0.0, 1.0, 0.0, 0.410164, 0.0, 0.0, 0.0, 1.0],
                [-1.0, 0.0, -0.0, 0.079685, -0.0, -0.0, 1.0, 0.837944, -0.0, 1.0, 0.0, 0.410164, 0.0, 0.0, 0.0, 1.0],
                [-1.0, 0.0, -0.0, 0.095842, -0.0, -0.0, 1.0, 0.894246, -0.0, 1.0, 0.0, 0.410164, 0.0, 0.0, 0.0, 1.0],
                [-1.0, 0.0, -0.0, 0.115432, -0.0, -0.0, 1.0, 0.946089, -0.0, 1.0, 0.0, 0.410164, 0.0, 0.0, 0.0, 1.0],
                [-1.0, 0.0, -0.0, 0.143304, -0.0, -0.0, 1.0, 0.997443, -0.0, 1.0, 0.0, 0.410164, 0.0, 0.0, 0.0, 1.0],
                [-1.0, 0.0, -0.0, 0.193066, -0.0, -0.0, 1.0, 1.06158, -0.0, 1.0, 0.0, 0.410164, 0.0, 0.0, 0.0, 1.0],
                [-1.0, 0.0, -0.0, 0.262974, -0.0, -0.0, 1.0, 1.172468, -0.0, 1.0, 0.0, 0.410164, 0.0, 0.0, 0.0, 1.0],
                [-1.0, 0.0, -0.0, 0.32292, -0.0, -0.0, 1.0, 1.276058, -0.0, 1.0, 0.0, 0.410164, 0.0, 0.0, 0.0, 1.0],
                [-1.0, 0.0, -0.0, 0.371169, -0.0, -0.0, 1.0, 1.365517, -0.0, 1.0, 0.0, 0.410164, 0.0, 0.0, 0.0, 1.0],
                [-1.0, 0.0, -0.0, 0.414225, -0.0, -0.0, 1.0, 1.413737, -0.0, 1.0, 0.0, 0.410164, 0.0, 0.0, 0.0, 1.0],
                [-1.0, 0.0, -0.0, 0.442914, -0.0, -0.0, 1.0, 1.442659, -0.0, 1.0, 0.0, 0.410164, 0.0, 0.0, 0.0, 1.0],
                [-1.0, 0.0, -0.0, 0.462772, -0.0, -0.0, 1.0, 1.462789, -0.0, 1.0, 0.0, 0.410165, 0.0, 0.0, 0.0, 1.0],
                [-1.0, 0.0, -0.0, 0.475607, -0.0, -0.0, 1.0, 1.484527, -0.0, 1.0, 0.0, 0.410165, 0.0, 0.0, 0.0, 1.0],
                [-1.0, 0.0, -0.0, 0.484708, -0.0, -0.0, 1.0, 1.50856, -0.0, 1.0, 0.0, 0.410165, 0.0, 0.0, 0.0, 1.0],
                [-1.0, 0.0, -0.0, 0.494222, -0.0, -0.0, 1.0, 1.536586, -0.0, 1.0, 0.0, 0.410165, 0.0, 0.0, 0.0, 1.0],
                [-1.0, 0.0, -0.0, 0.498918, -0.0, -0.0, 1.0, 1.564493, -0.0, 1.0, 0.0, 0.410165, 0.0, 0.0, 0.0, 1.0],
                [-1.0, 0.0, -0.0, 0.499233, -0.0, -0.0, 1.0, 1.586975, -0.0, 1.0, 0.0, 0.410165, 0.0, 0.0, 0.0, 1.0],
                [-1.0, 0.0, -0.0, 0.500977, -0.0, -0.0, 1.0, 1.600713, -0.0, 1.0, 0.0, 0.410165, 0.0, 0.0, 0.0, 1.0],
                [-1.0, 0.0, -0.0, 0.502736, -0.0, -0.0, 1.0, 1.600756, -0.0, 1.0, 0.0, 0.410165, 0.0, 0.0, 0.0, 1.0],
                [-1.0, 0.0, -0.0, 0.504445, -0.0, -0.0, 1.0, 1.600798, -0.0, 1.0, 0.0, 0.410165, 0.0, 0.0, 0.0, 1.0],
                [-1.0, 0.0, -0.0, 0.505689, -0.0, -0.0, 1.0, 1.60084, -0.0, 1.0, 0.0, 0.410165, 0.0, 0.0, 0.0, 1.0],
                [-1.0, 0.0, -0.0, 0.506439, -0.0, -0.0, 1.0, 1.600883, -0.0, 1.0, 0.0, 0.410165, 0.0, 0.0, 0.0, 1.0],
                [-1.0, 0.0, -0.0, 0.50719, -0.0, -0.0, 1.0, 1.595407, -0.0, 1.0, 0.0, 0.410165, 0.0, 0.0, 0.0, 1.0],
                [-1.0, 0.0, -0.0, 0.507202, -0.0, -0.0, 1.0, 1.587202, -0.0, 1.0, 0.0, 0.410165, 0.0, 0.0, 0.0, 1.0],
                [-1.0, 0.0, -0.0, 0.507215, -0.0, -0.0, 1.0, 1.578529, -0.0, 1.0, 0.0, 0.410165, 0.0, 0.0, 0.0, 1.0],
                [-1.0, 0.0, -0.0, 0.507227, -0.0, -0.0, 1.0, 1.571301, -0.0, 1.0, 0.0, 0.410165, 0.0, 0.0, 0.0, 1.0],
                [-1.0, 0.0, -0.0, 0.50724, -0.0, -0.0, 1.0, 1.564712, -0.0, 1.0, 0.0, 0.410165, 0.0, 0.0, 0.0, 1.0],
                [-1.0, 0.0, -0.0, 0.505982, -0.0, -0.0, 1.0, 1.55776, -0.0, 1.0, 0.0, 0.410165, 0.0, 0.0, 0.0, 1.0],
                [-1.0, 0.0, -0.0, 0.504257, -0.0, -0.0, 1.0, 1.551557, -0.0, 1.0, 0.0, 0.410165, 0.0, 0.0, 0.0, 1.0],
                [-1.0, 0.0, -0.0, 0.502665, -0.0, -0.0, 1.0, 1.546861, -0.0, 1.0, 0.0, 0.410165, 0.0, 0.0, 0.0, 1.0],
                [-1.0, 0.0, -0.0, 0.501238, -0.0, -0.0, 1.0, 1.543064, -0.0, 1.0, 0.0, 0.410165, 0.0, 0.0, 0.0, 1.0],
                [-1.0, 0.0, -0.0, 0.499762, -0.0, -0.0, 1.0, 1.539558, -0.0, 1.0, 0.0, 0.410165, 0.0, 0.0, 0.0, 1.0],
                [-1.0, 0.0, -0.0, 0.498238, -0.0, -0.0, 1.0, 1.53636, -0.0, 1.0, 0.0, 0.410165, 0.0, 0.0, 0.0, 1.0],
                [-1.0, 0.0, -0.0, 0.496669, -0.0, -0.0, 1.0, 1.53365, -0.0, 1.0, 0.0, 0.410165, 0.0, 0.0, 0.0, 1.0],
                [-1.0, 0.0, -0.0, 0.495059, -0.0, -0.0, 1.0, 1.530939, -0.0, 1.0, 0.0, 0.410165, 0.0, 0.0, 0.0, 1.0],
                [-1.0, 0.0, -0.0, 0.493412, -0.0, -0.0, 1.0, 1.528881, -0.0, 1.0, 0.0, 0.410165, 0.0, 0.0, 0.0, 1.0],
                [-1.0, 0.0, -0.0, 0.491738, -0.0, -0.0, 1.0, 1.526822, -0.0, 1.0, 0.0, 0.410165, 0.0, 0.0, 0.0, 1.0],
                [-1.0, 0.0, -0.0, 0.490048, -0.0, -0.0, 1.0, 1.525456, -0.0, 1.0, 0.0, 0.410165, 0.0, 0.0, 0.0, 1.0],
                [-1.0, 0.0, -0.0, 0.488353, -0.0, -0.0, 1.0, 1.524091, -0.0, 1.0, 0.0, 0.410165, 0.0, 0.0, 0.0, 1.0],
                [-1.0, 0.0, -0.0, 0.486667, -0.0, -0.0, 1.0, 1.522725, -0.0, 1.0, 0.0, 0.410165, 0.0, 0.0, 0.0, 1.0],
                [-1.0, 0.0, -0.0, 0.485001, -0.0, -0.0, 1.0, 1.521841, -0.0, 1.0, 0.0, 0.410165, 0.0, 0.0, 0.0, 1.0],
                [-1.0, 0.0, -0.0, 0.483368, -0.0, -0.0, 1.0, 1.520957, -0.0, 1.0, 0.0, 0.410165, 0.0, 0.0, 0.0, 1.0],
                [-1.0, 0.0, -0.0, 0.481776, -0.0, -0.0, 1.0, 1.520073, -0.0, 1.0, 0.0, 0.410165, 0.0, 0.0, 0.0, 1.0],
                [-1.0, 0.0, -0.0, 0.480233, -0.0, -0.0, 1.0, 1.519189, -0.0, 1.0, 0.0, 0.410165, 0.0, 0.0, 0.0, 1.0],
                [-1.0, 0.0, -0.0, 0.478743, -0.0, -0.0, 1.0, 1.518179, -0.0, 1.0, 0.0, 0.410165, 0.0, 0.0, 0.0, 1.0],
                [-1.0, 0.0, -0.0, 0.477309, -0.0, -0.0, 1.0, 1.517168, -0.0, 1.0, 0.0, 0.410165, 0.0, 0.0, 0.0, 1.0],
                [-1.0, 0.0, -0.0, 0.47593, -0.0, -0.0, 1.0, 1.516158, -0.0, 1.0, 0.0, 0.410165, 0.0, 0.0, 0.0, 1.0],
                [-1.0, 0.0, -0.0, 0.474607, -0.0, -0.0, 1.0, 1.515147, -0.0, 1.0, 0.0, 0.410165, 0.0, 0.0, 0.0, 1.0],
                [-1.0, 0.0, -0.0, 0.473465, -0.0, -0.0, 1.0, 1.514575, -0.0, 1.0, 0.0, 0.410165, 0.0, 0.0, 0.0, 1.0],
                [-1.0, 0.0, -0.0, 0.472717, -0.0, -0.0, 1.0, 1.514003, -0.0, 1.0, 0.0, 0.410165, 0.0, 0.0, 0.0, 1.0],
                [-1.0, 0.0, -0.0, 0.471969, -0.0, -0.0, 1.0, 1.51343, -0.0, 1.0, 0.0, 0.410165, 0.0, 0.0, 0.0, 1.0],
                [-1.0, 0.0, -0.0, 0.47132, -0.0, -0.0, 1.0, 1.512858, -0.0, 1.0, 0.0, 0.410165, 0.0, 0.0, 0.0, 1.0],
                [-1.0, 0.0, -0.0, 0.470671, -0.0, -0.0, 1.0, 1.512286, -0.0, 1.0, 0.0, 0.410165, 0.0, 0.0, 0.0, 1.0],
                [-1.0, 0.0, -0.0, 0.469645, -0.0, -0.0, 1.0, 1.511714, -0.0, 1.0, 0.0, 0.410165, 0.0, 0.0, 0.0, 1.0],
                [-1.0, 0.0, -0.0, 0.46821, -0.0, -0.0, 1.0, 1.510384, -0.0, 1.0, 0.0, 0.410165, 0.0, 0.0, 0.0, 1.0],
                [-1.0, 0.0, -0.0, 0.466343, -0.0, -0.0, 1.0, 1.509054, -0.0, 1.0, 0.0, 0.410165, 0.0, 0.0, 0.0, 1.0],
                [-1.0, 0.0, -0.0, 0.464052, -0.0, -0.0, 1.0, 1.507723, -0.0, 1.0, 0.0, 0.410165, 0.0, 0.0, 0.0, 1.0],
                [-1.0, 0.0, -0.0, 0.461261, -0.0, -0.0, 1.0, 1.50531, -0.0, 1.0, 0.0, 0.410165, 0.0, 0.0, 0.0, 1.0],
                [-1.0, 0.0, -0.0, 0.457977, -0.0, -0.0, 1.0, 1.501877, -0.0, 1.0, 0.0, 0.410165, 0.0, 0.0, 0.0, 1.0],
                [-1.0, 0.0, -0.0, 0.454395, -0.0, -0.0, 1.0, 1.497184, -0.0, 1.0, 0.0, 0.410165, 0.0, 0.0, 0.0, 1.0],
                [-1.0, 0.0, -0.0, 0.450761, -0.0, -0.0, 1.0, 1.491417, -0.0, 1.0, 0.0, 0.410165, 0.0, 0.0, 0.0, 1.0],
                [-1.0, 0.0, -0.0, 0.447178, -0.0, -0.0, 1.0, 1.484796, -0.0, 1.0, 0.0, 0.410165, 0.0, 0.0, 0.0, 1.0],
                [-1.0, 0.0, -0.0, 0.44324, -0.0, -0.0, 1.0, 1.476248, -0.0, 1.0, 0.0, 0.410165, 0.0, 0.0, 0.0, 1.0],
                [-1.0, 0.0, -0.0, 0.43848, -0.0, -0.0, 1.0, 1.465214, -0.0, 1.0, 0.0, 0.410165, 0.0, 0.0, 0.0, 1.0],
                [-1.0, 0.0, -0.0, 0.432435, -0.0, -0.0, 1.0, 1.452028, -0.0, 1.0, 0.0, 0.410165, 0.0, 0.0, 0.0, 1.0],
                [-1.0, 0.0, -0.0, 0.426088, -0.0, -0.0, 1.0, 1.434847, -0.0, 1.0, 0.0, 0.410165, 0.0, 0.0, 0.0, 1.0],
                [-1.0, 0.0, -0.0, 0.420958, -0.0, -0.0, 1.0, 1.414554, -0.0, 1.0, 0.0, 0.410165, 0.0, 0.0, 0.0, 1.0],
                [-1.0, 0.0, -0.0, 0.415839, -0.0, -0.0, 1.0, 1.39008, -0.0, 1.0, 0.0, 0.410164, 0.0, 0.0, 0.0, 1.0],
                [-1.0, 0.0, -0.0, 0.40968, -0.0, -0.0, 1.0, 1.36062, -0.0, 1.0, 0.0, 0.410164, 0.0, 0.0, 0.0, 1.0],
                [-1.0, 0.0, -0.0, 0.40128, -0.0, -0.0, 1.0, 1.324804, -0.0, 1.0, 0.0, 0.410164, 0.0, 0.0, 0.0, 1.0],
                [-1.0, 0.0, -0.0, 0.390981, -0.0, -0.0, 1.0, 1.28365, -0.0, 1.0, 0.0, 0.410164, 0.0, 0.0, 0.0, 1.0],
                [-1.0, 0.0, -0.0, 0.379174, -0.0, -0.0, 1.0, 1.238316, -0.0, 1.0, 0.0, 0.410164, 0.0, 0.0, 0.0, 1.0],
                [-1.0, 0.0, -0.0, 0.365697, -0.0, -0.0, 1.0, 1.188264, -0.0, 1.0, 0.0, 0.410164, 0.0, 0.0, 0.0, 1.0],
                [-1.0, 0.0, -0.0, 0.350983, -0.0, -0.0, 1.0, 1.13583, -0.0, 1.0, 0.0, 0.410164, 0.0, 0.0, 0.0, 1.0],
                [-1.0, 0.0, -0.0, 0.334837, -0.0, -0.0, 1.0, 1.08095, -0.0, 1.0, 0.0, 0.410164, 0.0, 0.0, 0.0, 1.0],
                [-1.0, 0.0, -0.0, 0.318429, -0.0, -0.0, 1.0, 1.024719, -0.0, 1.0, 0.0, 0.410164, 0.0, 0.0, 0.0, 1.0],
                [-1.0, 0.0, -0.0, 0.303348, -0.0, -0.0, 1.0, 0.969044, -0.0, 1.0, 0.0, 0.410164, 0.0, 0.0, 0.0, 1.0],
                [-1.0, 0.0, -0.0, 0.290447, -0.0, -0.0, 1.0, 0.915256, -0.0, 1.0, 0.0, 0.410164, 0.0, 0.0, 0.0, 1.0],
                [-1.0, 0.0, -0.0, 0.279544, -0.0, -0.0, 1.0, 0.862315, -0.0, 1.0, 0.0, 0.410164, 0.0, 0.0, 0.0, 1.0],
                [-1.0, 0.0, -0.0, 0.271154, -0.0, -0.0, 1.0, 0.810748, -0.0, 1.0, 0.0, 0.410164, 0.0, 0.0, 0.0, 1.0],
                [-1.0, 0.0, -0.0, 0.264903, -0.0, -0.0, 1.0, 0.762933, -0.0, 1.0, 0.0, 0.410164, 0.0, 0.0, 0.0, 1.0],
                [-1.0, 0.0, -0.0, 0.260355, -0.0, -0.0, 1.0, 0.719102, -0.0, 1.0, 0.0, 0.410164, 0.0, 0.0, 0.0, 1.0],
                [-1.0, 0.0, -0.0, 0.259143, -0.0, -0.0, 1.0, 0.680551, -0.0, 1.0, 0.0, 0.410164, 0.0, 0.0, 0.0, 1.0],
                [-1.0, 0.0, -0.0, 0.259274, -0.0, -0.0, 1.0, 0.644726, -0.0, 1.0, 0.0, 0.410164, 0.0, 0.0, 0.0, 1.0],
                [-1.0, 0.0, -0.0, 0.259999, -0.0, -0.0, 1.0, 0.61215, -0.0, 1.0, 0.0, 0.410164, 0.0, 0.0, 0.0, 1.0],
                [-1.0, 0.0, -0.0, 0.261499, -0.0, -0.0, 1.0, 0.582324, -0.0, 1.0, 0.0, 0.410164, 0.0, 0.0, 0.0, 1.0],
                [-1.0, 0.0, -0.0, 0.263848, -0.0, -0.0, 1.0, 0.554126, -0.0, 1.0, 0.0, 0.410164, 0.0, 0.0, 0.0, 1.0],
                [-1.0, 0.0, -0.0, 0.267098, -0.0, -0.0, 1.0, 0.528096, -0.0, 1.0, 0.0, 0.410164, 0.0, 0.0, 0.0, 1.0],
                [-1.0, 0.0, -0.0, 0.270343, -0.0, -0.0, 1.0, 0.503899, -0.0, 1.0, 0.0, 0.410164, 0.0, 0.0, 0.0, 1.0],
                [-1.0, 0.0, -0.0, 0.272676, -0.0, -0.0, 1.0, 0.480326, -0.0, 1.0, 0.0, 0.410164, 0.0, 0.0, 0.0, 1.0],
                [-1.0, 0.0, -0.0, 0.274227, -0.0, -0.0, 1.0, 0.457113, -0.0, 1.0, 0.0, 0.410164, 0.0, 0.0, 0.0, 1.0],
                [-1.0, 0.0, -0.0, 0.275206, -0.0, -0.0, 1.0, 0.434947, -0.0, 1.0, 0.0, 0.410164, 0.0, 0.0, 0.0, 1.0],
                [-1.0, 0.0, -0.0, 0.275434, -0.0, -0.0, 1.0, 0.413886, -0.0, 1.0, 0.0, 0.410164, 0.0, 0.0, 0.0, 1.0],
                [-1.0, 0.0, -0.0, 0.275662, -0.0, -0.0, 1.0, 0.393462, -0.0, 1.0, 0.0, 0.410164, 0.0, 0.0, 0.0, 1.0],
                [-1.0, 0.0, -0.0, 0.274258, -0.0, -0.0, 1.0, 0.373252, -0.0, 1.0, 0.0, 0.410164, 0.0, 0.0, 0.0, 1.0],
                [-1.0, 0.0, -0.0, 0.270035, -0.0, -0.0, 1.0, 0.354105, -0.0, 1.0, 0.0, 0.410164, 0.0, 0.0, 0.0, 1.0],
                [-1.0, 0.0, -0.0, 0.264875, -0.0, -0.0, 1.0, 0.336916, -0.0, 1.0, 0.0, 0.410164, 0.0, 0.0, 0.0, 1.0],
                [-1.0, 0.0, -0.0, 0.259498, -0.0, -0.0, 1.0, 0.321203, -0.0, 1.0, 0.0, 0.410164, 0.0, 0.0, 0.0, 1.0],
                [-1.0, 0.0, -0.0, 0.253096, -0.0, -0.0, 1.0, 0.307418, -0.0, 1.0, 0.0, 0.410164, 0.0, 0.0, 0.0, 1.0],
                [-1.0, 0.0, -0.0, 0.246185, -0.0, -0.0, 1.0, 0.29548, -0.0, 1.0, 0.0, 0.410164, 0.0, 0.0, 0.0, 1.0],
                [-1.0, 0.0, -0.0, 0.238949, -0.0, -0.0, 1.0, 0.284471, -0.0, 1.0, 0.0, 0.410164, 0.0, 0.0, 0.0, 1.0],
                [-1.0, 0.0, -0.0, 0.231167, -0.0, -0.0, 1.0, 0.275289, -0.0, 1.0, 0.0, 0.410164, 0.0, 0.0, 0.0, 1.0],
                [-1.0, 0.0, -0.0, 0.223359, -0.0, -0.0, 1.0, 0.268567, -0.0, 1.0, 0.0, 0.410164, 0.0, 0.0, 0.0, 1.0],
                [-1.0, 0.0, -0.0, 0.215473, -0.0, -0.0, 1.0, 0.263679, -0.0, 1.0, 0.0, 0.410164, 0.0, 0.0, 0.0, 1.0],
                [-1.0, 0.0, -0.0, 0.207516, -0.0, -0.0, 1.0, 0.261246, -0.0, 1.0, 0.0, 0.410164, 0.0, 0.0, 0.0, 1.0],
                [-1.0, 0.0, -0.0, 0.20018, -0.0, -0.0, 1.0, 0.260779, -0.0, 1.0, 0.0, 0.410164, 0.0, 0.0, 0.0, 1.0],
                [-1.0, 0.0, -0.0, 0.192098, -0.0, -0.0, 1.0, 0.261316, -0.0, 1.0, 0.0, 0.410164, 0.0, 0.0, 0.0, 1.0],
                [-1.0, 0.0, -0.0, 0.184447, -0.0, -0.0, 1.0, 0.263348, -0.0, 1.0, 0.0, 0.410164, 0.0, 0.0, 0.0, 1.0],
                [-1.0, 0.0, -0.0, 0.181676, -0.0, -0.0, 1.0, 0.266608, -0.0, 1.0, 0.0, 0.410164, 0.0, 0.0, 0.0, 1.0],
                [-1.0, 0.0, -0.0, 0.182277, -0.0, -0.0, 1.0, 0.270464, -0.0, 1.0, 0.0, 0.410164, 0.0, 0.0, 0.0, 1.0],
                [-1.0, 0.0, -0.0, 0.18412, -0.0, -0.0, 1.0, 0.275039, -0.0, 1.0, 0.0, 0.410164, 0.0, 0.0, 0.0, 1.0],
                [-1.0, 0.0, -0.0, 0.186886, -0.0, -0.0, 1.0, 0.280403, -0.0, 1.0, 0.0, 0.410164, 0.0, 0.0, 0.0, 1.0],
                [-1.0, 0.0, -0.0, 0.18982, -0.0, -0.0, 1.0, 0.286342, -0.0, 1.0, 0.0, 0.410164, 0.0, 0.0, 0.0, 1.0],
                [-1.0, 0.0, -0.0, 0.192277, -0.0, -0.0, 1.0, 0.292517, -0.0, 1.0, 0.0, 0.410164, 0.0, 0.0, 0.0, 1.0],
                [-1.0, 0.0, -0.0, 0.194677, -0.0, -0.0, 1.0, 0.299946, -0.0, 1.0, 0.0, 0.410164, 0.0, 0.0, 0.0, 1.0],
                [-1.0, 0.0, -0.0, 0.197529, -0.0, -0.0, 1.0, 0.309438, -0.0, 1.0, 0.0, 0.410164, 0.0, 0.0, 0.0, 1.0],
                [-1.0, 0.0, -0.0, 0.200455, -0.0, -0.0, 1.0, 0.319639, -0.0, 1.0, 0.0, 0.410164, 0.0, 0.0, 0.0, 1.0],
                [-1.0, 0.0, -0.0, 0.2029, -0.0, -0.0, 1.0, 0.328427, -0.0, 1.0, 0.0, 0.410164, 0.0, 0.0, 0.0, 1.0],
                [-1.0, 0.0, -0.0, 0.204427, -0.0, -0.0, 1.0, 0.334033, -0.0, 1.0, 0.0, 0.410164, 0.0, 0.0, 0.0, 1.0],
                [-1.0, 0.0, -0.0, 0.20492, -0.0, -0.0, 1.0, 0.335863, -0.0, 1.0, 0.0, 0.410164, 0.0, 0.0, 0.0, 1.0],
                [-1.0, 0.0, -0.0, 0.20492, -0.0, -0.0, 1.0, 0.335863, -0.0, 1.0, 0.0, 0.410164, 0.0, 0.0, 0.0, 1.0]
            ]
        },
        {
            "name": "Thigh_R",
            "time": [0.0, 0.0417, 0.0833, 0.125, 0.1667, 0.2083, 0.25, 0.2917, 0.3333, 0.375, 0.4167, 0.4583, 0.5, 0.5417, 0.5833, 0.625, 0.6667, 0.7083, 0.75, 0.7917, 0.8333, 0.875, 0.9167, 0.9583, 1.0, 1.0417, 1.0833, 1.125, 1.1667, 1.2083, 1.25, 1.2917, 1.3333, 1.375, 1.4167, 1.4583, 1.5, 1.5417, 1.5833, 1.625, 1.6667, 1.7083, 1.75, 1.7917, 1.8333, 1.875, 1.9167, 1.9583, 2.0, 2.0417, 2.0833, 2.125, 2.1667, 2.2083, 2.25, 2.2917, 2.3333, 2.375, 2.4167, 2.4583, 2.5, 2.5417, 2.5833, 2.625, 2.6667, 2.7083, 2.75, 2.7917, 2.8333, 2.875, 2.9167, 2.9583, 3.0, 3.0417, 3.0833, 3.125, 3.1667, 3.2083, 3.25, 3.2917, 3.3333, 3.375, 3.4167, 3.4583, 3.5, 3.5417, 3.5833, 3.625, 3.6667, 3.7083, 3.75, 3.7917, 3.8333, 3.875, 3.9167, 3.9583, 4.0, 4.0417, 4.0833, 4.125, 4.1667, 4.2083, 4.25, 4.2917, 4.3333, 4.375, 4.4167, 4.4583, 4.5, 4.5417, 4.5833, 4.625, 4.6667, 4.7083, 4.75, 4.7917, 4.8333, 4.875, 4.9167, 4.9583, 5.0, 5.0417, 5.0833, 5.125, 5.1667, 5.2083, 5.25, 5.2917, 5.3333, 5.375, 5.4167, 5.4583, 5.5, 5.5417, 5.5833, 5.625, 5.6667, 5.7083],
            "transform": [
                [-0.848065, -0.168321, 0.50245, 0.096351, 0.529468, -0.231132, 0.816237, 0.058238, -0.021258, 0.958252, 0.285135, 0.033027, 0.0, 0.0, 0.0, 1.0],
                [-0.850436, -0.180454, 0.494164, 0.096351, 0.523771, -0.202491, 0.827443, 0.058239, -0.049252, 0.962515, 0.266721, 0.033027, 0.0, 0.0, 0.0, 1.0],
                [-0.885758, -0.227416, 0.404621, 0.096351, 0.439942, -0.133493, 0.88805, 0.058238, -0.147943, 0.964605, 0.218292, 0.033027, 0.0, 0.0, 0.0, 1.0],
                [-0.895426, -0.255854, 0.364353, 0.096351, 0.395191, -0.079881, 0.91512, 0.058238, -0.205032, 0.96341, 0.172638, 0.033027, 0.0, 0.0, 0.0, 1.0],
                [-0.898221, -0.267971, 0.348415, 0.096351, 0.369758, -0.032074, 0.928575, 0.058238, -0.237656, 0.962894, 0.127894, 0.033027, 0.0, 0.0, 0.0, 1.0],
                [-0.896128, -0.269374, 0.352697, 0.096351, 0.364379, 0.007091, 0.931224, 0.058238, -0.253349, 0.96301, 0.091799, 0.033027, 0.0, 0.0, 0.0, 1.0],
                [-0.890761, -0.264618, 0.369493, 0.096351, 0.3713, 0.045102, 0.927417, 0.058238, -0.262077, 0.963299, 0.058077, 0.033027, 0.0, 0.0, 0.0, 1.0],
                [-0.885495, -0.266961, 0.380307, 0.096351, 0.371013, 0.08652, 0.92459, 0.058238, -0.279734, 0.959817, 0.022432, 0.033027, 0.0, 0.0, 0.0, 1.0],
                [-0.883179, -0.25909, 0.390985, 0.096351, 0.375188, 0.110015, 0.920398, 0.058238, -0.28148, 0.959568, 4.4e-05, 0.033028, 0.0, 0.0, 0.0, 1.0],
                [-0.882386, -0.253178, 0.396612, 0.096351, 0.376068, 0.127131, 0.917831, 0.058238, -0.282797, 0.959031, -0.016966, 0.033027, 0.0, 0.0, 0.0, 1.0],
                [-0.879299, -0.248776, 0.406135, 0.096351, 0.382133, 0.140462, 0.913371, 0.058237, -0.284271, 0.958323, -0.028443, 0.033028, 0.0, 0.0, 0.0, 1.0],
                [-0.876592, -0.247383, 0.412783, 0.096351, 0.388305, 0.143077, 0.910357, 0.058238, -0.284267, 0.958297, -0.029361, 0.033027, 0.0, 0.0, 0.0, 1.0],
                [-0.876329, -0.247476, 0.413289, 0.096351, 0.394413, 0.123966, 0.910534, 0.058237, -0.276569, 0.960933, -0.011027, 0.033028, 0.0, 0.0, 0.0, 1.0],
                [-0.871854, -0.241092, 0.426319, 0.096351, 0.42011, 0.079303, 0.904002, 0.058237, -0.251756, 0.967258, 0.032144, 0.033027, 0.0, 0.0, 0.0, 1.0],
                [-0.862431, -0.228432, 0.451702, 0.096351, 0.460345, 0.017093, 0.887576, 0.058238, -0.210472, 0.973411, 0.090415, 0.033028, 0.0, 0.0, 0.0, 1.0],
                [-0.84844, -0.212054, 0.484961, 0.096351, 0.505632, -0.053815, 0.861071, 0.058238, -0.156495, 0.975776, 0.152879, 0.033027, 0.0, 0.0, 0.0, 1.0],
                [-0.829313, -0.208768, 0.518323, 0.096351, 0.547233, -0.11578, 0.828935, 0.058237, -0.113044, 0.971089, 0.210262, 0.033026, 0.0, 0.0, 0.0, 1.0],
                [-0.813296, -0.221057, 0.538225, 0.096351, 0.576442, -0.180263, 0.797008, 0.058238, -0.079163, 0.958457, 0.274033, 0.033027, 0.0, 0.0, 0.0, 1.0],
                [-0.803302, -0.209178, 0.557634, 0.096351, 0.595387, -0.258446, 0.760739, 0.058238, -0.015012, 0.943108, 0.332151, 0.033028, 0.0, 0.0, 0.0, 1.0],
                [-0.794358, -0.194527, 0.575462, 0.096351, 0.605708, -0.325379, 0.726119, 0.058238, 0.045993, 0.92536, 0.376293, 0.033028, 0.0, 0.0, 0.0, 1.0],
                [-0.784286, -0.196917, 0.588322, 0.096351, 0.613114, -0.390935, 0.686486, 0.058239, 0.094814, 0.899107, 0.427337, 0.033028, 0.0, 0.0, 0.0, 1.0],
                [-0.751542, -0.170317, 0.637323, 0.096351, 0.630102, -0.471407, 0.617048, 0.058238, 0.195344, 0.865314, 0.461599, 0.033026, 0.0, 0.0, 0.0, 1.0],
                [-0.701042, -0.105264, 0.70531, 0.096351, 0.630431, -0.553765, 0.54397, 0.058239, 0.333315, 0.825994, 0.454574, 0.033027, 0.0, 0.0, 0.0, 1.0],
                [-0.542709, -0.003595, 0.839915, 0.096351, 0.635977, -0.654954, 0.408131, 0.058237, 0.548639, 0.755661, 0.357735, 0.033027, 0.0, 0.0, 0.0, 1.0],
                [-0.321254, 0.101935, 0.941492, 0.096351, 0.633809, -0.715547, 0.293738, 0.058238, 0.703624, 0.691089, 0.165264, 0.033027, 0.0, 0.0, 0.0, 1.0],
                [-0.311454, 0.124277, 0.942101, 0.096351, 0.668831, -0.675591, 0.310233, 0.058238, 0.675029, 0.726729, 0.127295, 0.033026, 0.0, 0.0, 0.0, 1.0],
                [-0.367414, 0.139831, 0.919487, 0.096351, 0.717816, -0.586009, 0.375947, 0.058238, 0.591397, 0.79815, 0.114935, 0.033028, 0.0, 0.0, 0.0, 1.0],
                [-0.356651, 0.170685, 0.918515, 0.096351, 0.752329, -0.530438, 0.390692, 0.058239, 0.5539, 0.830364, 0.06077, 0.033028, 0.0, 0.0, 0.0, 1.0],
                [-0.331127, 0.198952, 0.922374, 0.096351, 0.763811, -0.51744, 0.385813, 0.058237, 0.554032, 0.832272, 0.019376, 0.033026, 0.0, 0.0, 0.0, 1.0],
                [-0.315329, 0.218809, 0.923414, 0.096351, 0.757129, -0.52863, 0.383808, 0.058238, 0.572125, 0.820168, 0.001025, 0.033026, 0.0, 0.0, 0.0, 1.0],
                [-0.31752, 0.22888, 0.920216, 0.096351, 0.737479, -0.550416, 0.391368, 0.058238, 0.596077, 0.802907, 0.005974, 0.033029, 0.0, 0.0, 0.0, 1.0],
                [-0.314726, 0.235167, 0.91959, 0.096351, 0.712611, -0.581437, 0.392579, 0.058237, 0.627005, 0.778864, 0.01541, 0.033028, 0.0, 0.0, 0.0, 1.0],
                [-0.308849, 0.237483, 0.920987, 0.096351, 0.68744, -0.613458, 0.388715, 0.058237, 0.657299, 0.753176, 0.02621, 0.033027, 0.0, 0.0, 0.0, 1.0],
                [-0.292898, 0.235551, 0.926675, 0.096351, 0.669096, -0.641843, 0.374633, 0.058239, 0.683025, 0.729764, 0.030388, 0.033029, 0.0, 0.0, 0.0, 1.0],
                [-0.308864, 0.230425, 0.922773, 0.096352, 0.66236, -0.644155, 0.382552, 0.058238, 0.682559, 0.729363, 0.046332, 0.033029, 0.0, 0.0, 0.0, 1.0],
                [-0.335711, 0.227011, 0.914203, 0.096351, 0.665962, -0.629179, 0.400788, 0.058237, 0.666181, 0.743371, 0.060041, 0.033027, 0.0, 0.0, 0.0, 1.0],
                [-0.348783, 0.22633, 0.909465, 0.096351, 0.668545, -0.619992, 0.410681, 0.058238, 0.656811, 0.751256, 0.064931, 0.033026, 0.0, 0.0, 0.0, 1.0],
                [-0.351786, 0.228445, 0.907779, 0.096351, 0.670928, -0.614722, 0.414698, 0.058239, 0.652767, 0.754938, 0.06298, 0.033027, 0.0, 0.0, 0.0, 1.0],
                [-0.350565, 0.231129, 0.907572, 0.096351, 0.674513, -0.60998, 0.415884, 0.058238, 0.649724, 0.757961, 0.057938, 0.033026, 0.0, 0.0, 0.0, 1.0],
                [-0.347284, 0.234148, 0.908059, 0.096352, 0.680043, -0.603872, 0.415792, 0.058237, 0.645708, 0.761916, 0.050484, 0.033028, 0.0, 0.0, 0.0, 1.0],
                [-0.338703, 0.238105, 0.910269, 0.096352, 0.686635, -0.598891, 0.412147, 0.058237, 0.643286, 0.764616, 0.039355, 0.033026, 0.0, 0.0, 0.0, 1.0],
                [-0.325093, 0.243048, 0.913917, 0.096352, 0.693502, -0.595762, 0.405126, 0.058238, 0.642942, 0.765504, 0.025124, 0.033027, 0.0, 0.0, 0.0, 1.0],
                [-0.311964, 0.247066, 0.917409, 0.096351, 0.700463, -0.592563, 0.397773, 0.058239, 0.6419, 0.7667, 0.011797, 0.033029, 0.0, 0.0, 0.0, 1.0],
                [-0.30343, 0.250318, 0.919387, 0.096351, 0.70463, -0.590576, 0.393346, 0.058239, 0.64143, 0.767179, 0.002817, 0.033028, 0.0, 0.0, 0.0, 1.0],
                [-0.300907, 0.252042, 0.919747, 0.096351, 0.707022, -0.588265, 0.392515, 0.058238, 0.639985, 0.768389, -0.001186, 0.033029, 0.0, 0.0, 0.0, 1.0],
                [-0.304341, 0.252297, 0.918545, 0.096351, 0.708654, -0.584412, 0.395318, 0.058238, 0.636546, 0.77124, -0.000931, 0.033027, 0.0, 0.0, 0.0, 1.0],
                [-0.310424, 0.251143, 0.916824, 0.096351, 0.710334, -0.579652, 0.399291, 0.058239, 0.631718, 0.775199, 0.001542, 0.033029, 0.0, 0.0, 0.0, 1.0],
                [-0.317358, 0.249536, 0.914888, 0.096351, 0.711809, -0.574779, 0.403685, 0.058238, 0.626592, 0.779335, 0.004789, 0.033028, 0.0, 0.0, 0.0, 1.0],
                [-0.320802, 0.249065, 0.913814, 0.096351, 0.712031, -0.572809, 0.406086, 0.058239, 0.624583, 0.780934, 0.006416, 0.033027, 0.0, 0.0, 0.0, 1.0],
                [-0.321185, 0.249442, 0.913576, 0.096351, 0.711273, -0.573375, 0.406615, 0.058239, 0.625249, 0.780398, 0.006738, 0.033028, 0.0, 0.0, 0.0, 1.0],
                [-0.320134, 0.250461, 0.913667, 0.096351, 0.710084, -0.574985, 0.406421, 0.058238, 0.627137, 0.778886, 0.006223, 0.033028, 0.0, 0.0, 0.0, 1.0],
                [-0.320562, 0.250825, 0.913417, 0.096351, 0.709222, -0.575655, 0.406975, 0.058239, 0.627893, 0.778274, 0.006642, 0.033028, 0.0, 0.0, 0.0, 1.0],
                [-0.321637, 0.251417, 0.912876, 0.096351, 0.707786, -0.576574, 0.408172, 0.058238, 0.628962, 0.777402, 0.007498, 0.033028, 0.0, 0.0, 0.0, 1.0],
                [-0.32372, 0.251577, 0.912095, 0.096351, 0.705986, -0.577572, 0.409875, 0.058238, 0.629916, 0.776609, 0.009362, 0.033028, 0.0, 0.0, 0.0, 1.0],
                [-0.326545, 0.251727, 0.911047, 0.096351, 0.703981, -0.578406, 0.412143, 0.058239, 0.630702, 0.77594, 0.011665, 0.033028, 0.0, 0.0, 0.0, 1.0],
                [-0.329971, 0.251565, 0.909855, 0.096351, 0.702183, -0.578777, 0.414681, 0.058238, 0.630922, 0.775716, 0.014335, 0.033029, 0.0, 0.0, 0.0, 1.0],
                [-0.334419, 0.250638, 0.908487, 0.096351, 0.701559, -0.577462, 0.417561, 0.058238, 0.629274, 0.776994, 0.017277, 0.033028, 0.0, 0.0, 0.0, 1.0],
                [-0.339699, 0.252514, 0.906004, 0.096351, 0.700085, -0.57539, 0.422859, 0.058239, 0.628084, 0.777923, 0.018678, 0.033027, 0.0, 0.0, 0.0, 1.0],
                [-0.344785, 0.255568, 0.903223, 0.096351, 0.699432, -0.571791, 0.428781, 0.058238, 0.626037, 0.779578, 0.018392, 0.033028, 0.0, 0.0, 0.0, 1.0],
                [-0.346882, 0.252546, 0.90327, 0.096351, 0.700709, -0.570386, 0.428567, 0.058238, 0.623445, 0.78159, 0.020895, 0.033028, 0.0, 0.0, 0.0, 1.0],
                [-0.359536, 0.251553, 0.898586, 0.096351, 0.698412, -0.566087, 0.437915, 0.058238, 0.618838, 0.785027, 0.027841, 0.033029, 0.0, 0.0, 0.0, 1.0],
                [-0.369052, 0.251309, 0.894789, 0.096351, 0.69697, -0.562069, 0.445324, 0.058238, 0.614848, 0.787987, 0.032277, 0.033028, 0.0, 0.0, 0.0, 1.0],
                [-0.370016, 0.249992, 0.89476, 0.096351, 0.696616, -0.562564, 0.445254, 0.058238, 0.61467, 0.788053, 0.034009, 0.033028, 0.0, 0.0, 0.0, 1.0],
                [-0.371167, 0.248801, 0.894615, 0.096351, 0.696173, -0.562991, 0.445408, 0.058239, 0.614478, 0.788125, 0.035755, 0.033028, 0.0, 0.0, 0.0, 1.0],
                [-0.3799, 0.248536, 0.891015, 0.096351, 0.693147, -0.561371, 0.452121, 0.058238, 0.612559, 0.789363, 0.040992, 0.033029, 0.0, 0.0, 0.0, 1.0],
                [-0.392532, 0.246509, 0.88609, 0.096351, 0.691033, -0.556732, 0.461005, 0.058238, 0.606956, 0.793274, 0.048189, 0.033028, 0.0, 0.0, 0.0, 1.0],
                [-0.410008, 0.24619, 0.878229, 0.096351, 0.687974, -0.548698, 0.475, 0.058238, 0.598824, 0.798951, 0.055598, 0.033029, 0.0, 0.0, 0.0, 1.0],
                [-0.421009, 0.248814, 0.872265, 0.096351, 0.684392, -0.54397, 0.485497, 0.058238, 0.595284, 0.801368, 0.05873, 0.033029, 0.0, 0.0, 0.0, 1.0],
                [-0.42604, 0.248001, 0.870051, 0.096352, 0.681061, -0.54512, 0.488879, 0.058238, 0.595525, 0.800838, 0.063339, 0.033029, 0.0, 0.0, 0.0, 1.0],
                [-0.424956, 0.249152, 0.870252, 0.096351, 0.679124, -0.547886, 0.488484, 0.058238, 0.598505, 0.798591, 0.063622, 0.033029, 0.0, 0.0, 0.0, 1.0],
                [-0.421745, 0.249397, 0.871743, 0.096351, 0.678788, -0.550583, 0.48591, 0.058238, 0.601152, 0.796656, 0.062918, 0.033029, 0.0, 0.0, 0.0, 1.0],
                [-0.422239, 0.25081, 0.871098, 0.096351, 0.676772, -0.552095, 0.487006, 0.058239, 0.603075, 0.795165, 0.063375, 0.033028, 0.0, 0.0, 0.0, 1.0],
                [-0.424256, 0.254211, 0.86913, 0.096351, 0.673703, -0.55273, 0.490527, 0.058238, 0.605092, 0.793642, 0.063236, 0.033028, 0.0, 0.0, 0.0, 1.0],
                [-0.416935, 0.251136, 0.873556, 0.096351, 0.67715, -0.555289, 0.482831, 0.058239, 0.606332, 0.792835, 0.061462, 0.033029, 0.0, 0.0, 0.0, 1.0],
                [-0.414659, 0.249946, 0.874979, 0.096351, 0.678131, -0.5563, 0.480284, 0.058238, 0.606796, 0.792502, 0.061179, 0.033028, 0.0, 0.0, 0.0, 1.0],
                [-0.414395, 0.249607, 0.875201, 0.096352, 0.678071, -0.556754, 0.479842, 0.058238, 0.607044, 0.79229, 0.061465, 0.033029, 0.0, 0.0, 0.0, 1.0],
                [-0.415849, 0.248245, 0.874899, 0.096351, 0.677898, -0.556685, 0.480166, 0.058239, 0.606241, 0.792766, 0.063212, 0.033028, 0.0, 0.0, 0.0, 1.0],
                [-0.415332, 0.245972, 0.875785, 0.096351, 0.678255, -0.557832, 0.478327, 0.058239, 0.606197, 0.792668, 0.064853, 0.033028, 0.0, 0.0, 0.0, 1.0],
                [-0.412607, 0.243733, 0.877698, 0.096351, 0.67912, -0.559854, 0.474724, 0.058238, 0.607089, 0.791934, 0.065475, 0.033029, 0.0, 0.0, 0.0, 1.0],
                [-0.407581, 0.242757, 0.880312, 0.096351, 0.680906, -0.561569, 0.470116, 0.058239, 0.60848, 0.791019, 0.06359, 0.033028, 0.0, 0.0, 0.0, 1.0],
                [-0.400102, 0.241761, 0.88401, 0.096351, 0.684276, -0.562862, 0.463635, 0.058239, 0.609664, 0.790406, 0.059771, 0.033028, 0.0, 0.0, 0.0, 1.0],
                [-0.391289, 0.241877, 0.887914, 0.096351, 0.688776, -0.562903, 0.456872, 0.058238, 0.610317, 0.79034, 0.053659, 0.033028, 0.0, 0.0, 0.0, 1.0],
                [-0.382808, 0.241431, 0.891724, 0.096351, 0.695163, -0.560449, 0.450165, 0.058238, 0.60845, 0.792219, 0.046711, 0.033029, 0.0, 0.0, 0.0, 1.0],
                [-0.375211, 0.24251, 0.894655, 0.096351, 0.703108, -0.554489, 0.44518, 0.058238, 0.604037, 0.796074, 0.03754, 0.033029, 0.0, 0.0, 0.0, 1.0],
                [-0.368815, 0.245304, 0.896551, 0.096351, 0.713657, -0.543266, 0.44222, 0.058238, 0.595544, 0.802926, 0.025301, 0.033029, 0.0, 0.0, 0.0, 1.0],
                [-0.36362, 0.24745, 0.898082, 0.096351, 0.727285, -0.527015, 0.439676, 0.058239, 0.582101, 0.813035, 0.011666, 0.033028, 0.0, 0.0, 0.0, 1.0],
                [-0.359426, 0.246726, 0.899968, 0.096351, 0.743794, -0.506671, 0.435957, 0.058239, 0.56355, 0.826083, -0.001402, 0.033029, 0.0, 0.0, 0.0, 1.0],
                [-0.356651, 0.246032, 0.901261, 0.096351, 0.761433, -0.482417, 0.43301, 0.058239, 0.541318, 0.840681, -0.015283, 0.033029, 0.0, 0.0, 0.0, 1.0],
                [-0.356954, 0.243551, 0.901815, 0.096351, 0.778955, -0.455237, 0.431268, 0.058239, 0.515574, 0.856414, -0.027217, 0.033028, 0.0, 0.0, 0.0, 1.0],
                [-0.359578, 0.240011, 0.901721, 0.096351, 0.795673, -0.425952, 0.430665, 0.058239, 0.487454, 0.872331, -0.037808, 0.033027, 0.0, 0.0, 0.0, 1.0],
                [-0.364546, 0.23408, 0.901285, 0.096351, 0.81135, -0.395138, 0.430793, 0.058239, 0.456972, 0.888299, -0.045874, 0.033028, 0.0, 0.0, 0.0, 1.0],
                [-0.372587, 0.224832, 0.900351, 0.096351, 0.824784, -0.36446, 0.432326, 0.058238, 0.425342, 0.903671, -0.049645, 0.033028, 0.0, 0.0, 0.0, 1.0],
                [-0.383302, 0.214037, 0.898483, 0.096351, 0.835618, -0.334061, 0.436062, 0.058238, 0.393482, 0.917929, -0.050807, 0.033029, 0.0, 0.0, 0.0, 1.0],
                [-0.3983, 0.202925, 0.894529, 0.09635, 0.842595, -0.30445, 0.444239, 0.058239, 0.362487, 0.930663, -0.049721, 0.033028, 0.0, 0.0, 0.0, 1.0],
                [-0.418527, 0.19475, 0.88708, 0.096351, 0.84397, -0.277407, 0.45909, 0.058239, 0.33549, 0.940808, -0.048261, 0.033029, 0.0, 0.0, 0.0, 1.0],
                [-0.442948, 0.186153, 0.877011, 0.096351, 0.840524, -0.254157, 0.478465, 0.058239, 0.311966, 0.94908, -0.043888, 0.033028, 0.0, 0.0, 0.0, 1.0],
                [-0.472239, 0.173838, 0.864161, 0.096351, 0.832492, -0.234293, 0.502063, 0.058239, 0.289744, 0.956499, -0.034076, 0.033028, 0.0, 0.0, 0.0, 1.0],
                [-0.505813, 0.160352, 0.847611, 0.096351, 0.819577, -0.217261, 0.530185, 0.058239, 0.269169, 0.962854, -0.021527, 0.033028, 0.0, 0.0, 0.0, 1.0],
                [-0.543284, 0.147, 0.826581, 0.096351, 0.802051, -0.200093, 0.562744, 0.058238, 0.248117, 0.968688, -0.009194, 0.033029, 0.0, 0.0, 0.0, 1.0],
                [-0.58619, 0.133324, 0.79913, 0.096352, 0.777937, -0.182856, 0.60115, 0.058238, 0.226273, 0.974059, 0.00347, 0.033029, 0.0, 0.0, 0.0, 1.0],
                [-0.633585, 0.118895, 0.764485, 0.096351, 0.746424, -0.166015, 0.644434, 0.058238, 0.203536, 0.978931, 0.016438, 0.033028, 0.0, 0.0, 0.0, 1.0],
                [-0.695262, 0.117162, 0.709146, 0.096351, 0.695472, -0.139456, 0.704893, 0.058239, 0.181481, 0.983274, 0.015475, 0.033028, 0.0, 0.0, 0.0, 1.0],
                [-0.765856, 0.12105, 0.631518, 0.096351, 0.623823, -0.098288, 0.775363, 0.058239, 0.155928, 0.987769, -0.000239, 0.033028, 0.0, 0.0, 0.0, 1.0],
                [-0.819004, 0.107094, 0.563709, 0.096351, 0.559018, -0.07258, 0.825975, 0.058238, 0.12937, 0.991597, -0.000425, 0.033028, 0.0, 0.0, 0.0, 1.0],
                [-0.86193, 0.088646, 0.499224, 0.096351, 0.496596, -0.051158, 0.866475, 0.058238, 0.102349, 0.99475, 7.3e-05, 0.033027, 0.0, 0.0, 0.0, 1.0],
                [-0.893271, 0.070189, 0.444011, 0.096351, 0.442785, -0.033018, 0.896021, 0.058239, 0.077551, 0.996988, -0.001584, 0.033028, 0.0, 0.0, 0.0, 1.0],
                [-0.912891, 0.052112, 0.404872, 0.096351, 0.404227, -0.02285, 0.914375, 0.058238, 0.056901, 0.998381, -0.000205, 0.033028, 0.0, 0.0, 0.0, 1.0],
                [-0.923764, 0.034796, 0.381386, 0.096351, 0.380772, -0.023097, 0.924383, 0.058239, 0.040974, 0.999129, 0.008086, 0.033028, 0.0, 0.0, 0.0, 1.0],
                [-0.929952, 0.019077, 0.367192, 0.096351, 0.366455, -0.033612, 0.92983, 0.058239, 0.030081, 0.999254, 0.024267, 0.033028, 0.0, 0.0, 0.0, 1.0],
                [-0.935362, 0.004424, 0.353672, 0.096351, 0.353037, -0.049503, 0.9343, 0.058239, 0.021641, 0.998766, 0.044741, 0.033029, 0.0, 0.0, 0.0, 1.0],
                [-0.940955, -0.012361, 0.338314, 0.096351, 0.338161, -0.081607, 0.937545, 0.058238, 0.01602, 0.996589, 0.080968, 0.033027, 0.0, 0.0, 0.0, 1.0],
                [-0.945724, -0.028292, 0.323747, 0.096351, 0.324738, -0.120792, 0.938061, 0.058238, 0.012566, 0.992276, 0.123423, 0.033028, 0.0, 0.0, 0.0, 1.0],
                [-0.947931, -0.043858, 0.31545, 0.096351, 0.318313, -0.163026, 0.933864, 0.058238, 0.010469, 0.985648, 0.168497, 0.033028, 0.0, 0.0, 0.0, 1.0],
                [-0.947947, -0.056885, 0.313313, 0.096351, 0.318215, -0.205834, 0.925405, 0.058238, 0.011849, 0.976933, 0.21322, 0.033028, 0.0, 0.0, 0.0, 1.0],
                [-0.946026, -0.067197, 0.317057, 0.096351, 0.323635, -0.248218, 0.913045, 0.058238, 0.017345, 0.966372, 0.256567, 0.033028, 0.0, 0.0, 0.0, 1.0],
                [-0.942553, -0.077441, 0.324963, 0.096351, 0.333157, -0.289532, 0.897318, 0.058239, 0.024598, 0.954031, 0.298699, 0.033027, 0.0, 0.0, 0.0, 1.0],
                [-0.93802, -0.089444, 0.334851, 0.096352, 0.345153, -0.32899, 0.878999, 0.058238, 0.031542, 0.94009, 0.33947, 0.033028, 0.0, 0.0, 0.0, 1.0],
                [-0.933194, -0.102308, 0.344511, 0.096351, 0.357287, -0.367448, 0.85868, 0.058238, 0.03874, 0.924401, 0.379452, 0.033029, 0.0, 0.0, 0.0, 1.0],
                [-0.929436, -0.114341, 0.350828, 0.096351, 0.366157, -0.403398, 0.838571, 0.058238, 0.045641, 0.907854, 0.416798, 0.033028, 0.0, 0.0, 0.0, 1.0],
                [-0.927183, -0.123877, 0.353539, 0.096351, 0.370994, -0.434517, 0.820707, 0.058239, 0.051952, 0.892105, 0.448834, 0.033028, 0.0, 0.0, 0.0, 1.0],
                [-0.926011, -0.131657, 0.3538, 0.096351, 0.373027, -0.46301, 0.804037, 0.058239, 0.057955, 0.876522, 0.477862, 0.033029, 0.0, 0.0, 0.0, 1.0],
                [-0.9263, -0.135582, 0.351557, 0.096351, 0.371294, -0.487312, 0.790361, 0.058238, 0.064159, 0.862639, 0.501737, 0.033028, 0.0, 0.0, 0.0, 1.0],
                [-0.926375, -0.137296, 0.350691, 0.096351, 0.369635, -0.509832, 0.776817, 0.058238, 0.07214, 0.849249, 0.523044, 0.033029, 0.0, 0.0, 0.0, 1.0],
                [-0.924054, -0.139795, 0.35579, 0.096351, 0.373179, -0.531653, 0.76032, 0.058239, 0.082868, 0.835347, 0.543443, 0.033029, 0.0, 0.0, 0.0, 1.0],
                [-0.919197, -0.144865, 0.366191, 0.096351, 0.382029, -0.553717, 0.739901, 0.058239, 0.09558, 0.820008, 0.564317, 0.033028, 0.0, 0.0, 0.0, 1.0],
                [-0.913757, -0.149468, 0.377775, 0.096351, 0.391346, -0.573531, 0.719662, 0.058238, 0.109099, 0.805434, 0.58256, 0.033029, 0.0, 0.0, 0.0, 1.0],
                [-0.909911, -0.149428, 0.38696, 0.096351, 0.396273, -0.588879, 0.704408, 0.058239, 0.122614, 0.794289, 0.595041, 0.033029, 0.0, 0.0, 0.0, 1.0],
                [-0.906397, -0.14679, 0.39611, 0.096351, 0.399824, -0.600759, 0.692266, 0.058239, 0.136349, 0.78584, 0.603215, 0.033028, 0.0, 0.0, 0.0, 1.0],
                [-0.903075, -0.141496, 0.405512, 0.096351, 0.40192, -0.611253, 0.681787, 0.058238, 0.1514, 0.778685, 0.608876, 0.033027, 0.0, 0.0, 0.0, 1.0],
                [-0.898522, -0.135086, 0.41763, 0.096351, 0.405167, -0.621216, 0.67077, 0.058239, 0.168827, 0.771909, 0.612908, 0.033027, 0.0, 0.0, 0.0, 1.0],
                [-0.892718, -0.130386, 0.431346, 0.096351, 0.410289, -0.631017, 0.658395, 0.058238, 0.186341, 0.764734, 0.616815, 0.033027, 0.0, 0.0, 0.0, 1.0],
                [-0.888153, -0.127368, 0.441551, 0.096351, 0.414146, -0.638276, 0.648914, 0.058239, 0.19918, 0.759199, 0.619635, 0.033027, 0.0, 0.0, 0.0, 1.0],
                [-0.88435, -0.124407, 0.449947, 0.096351, 0.417065, -0.643569, 0.641778, 0.058239, 0.20973, 0.755211, 0.621025, 0.033027, 0.0, 0.0, 0.0, 1.0],
                [-0.881546, -0.120336, 0.45651, 0.096351, 0.418125, -0.648001, 0.636608, 0.058239, 0.219212, 0.752075, 0.621557, 0.033027, 0.0, 0.0, 0.0, 1.0],
