{
    "animation": [
        {
            "name": "Root",
            "time": [0.0, 0.0417, 0.0833, 0.125, 0.1667, 0.2083, 0.25, 0.2917, 0.3333, 0.375, 0.4167, 0.4583, 0.5, 0.5417, 0.5833, 0.625, 0.6667, 0.7083, 0.75, 0.7917, 0.8333, 0.875, 0.9167, 0.9583, 1.0, 1.0417, 1.0833, 1.125, 1.1667, 1.2083, 1.25, 1.2917, 1.3333, 1.375, 1.4167, 1.4583, 1.5, 1.5417, 1.5833, 1.625, 1.6667, 1.7083, 1.75, 1.7917, 1.8333, 1.875, 1.9167, 1.9583, 2.0, 2.0417, 2.0833, 2.125, 2.1667, 2.2083, 2.25, 2.2917, 2.3333, 2.375, 2.4167, 2.4583, 2.5, 2.5417, 2.5833, 2.625, 2.6667, 2.7083, 2.75, 2.7917, 2.8333, 2.875, 2.9167, 2.9583, 3.0, 3.0417, 3.0833, 3.125, 3.1667, 3.2083, 3.25, 3.2917, 3.3333, 3.375, 3.4167, 3.4583, 3.5, 3.5417, 3.5833, 3.625, 3.6667, 3.7083, 3.75, 3.7917, 3.8333, 3.875, 3.9167, 3.9583, 4.0, 4.0417, 4.0833, 4.125, 4.1667, 4.2083, 4.25, 4.2917, 4.3333, 4.375, 4.4167, 4.4583, 4.5, 4.5417, 4.5833, 4.625, 4.6667, 4.7083, 4.75, 4.7917, 4.8333, 4.875, 4.9167, 4.9583, 5.0, 5.0417, 5.0833, 5.125, 5.1667, 5.2083, 5.25, 5.2917, 5.3333, 5.375, 5.4167, 5.4583, 5.5, 5.5417, 5.5833, 5.625, 5.6667, 5.7083, 5.75, 5.7917, 5.8333, 5.875, 5.9167, 5.9583, 6.0, 6.0417, 6.0833, 6.125, 6.1667, 6.2083, 6.25, 6.2917],
            "transform": [
                [-1.0, 0.0, -0.0, -3.4e-05, -0.0, -0.0, 1.0, 0.00089, -0.0, 1.0, 0.0, 0.481098, 0.0, 0.0, 0.0, 1.0],
                [-1.0, 0.0, -0.0, -0.01763, -0.0, -0.0, 1.0, 0.050138, -0.0, 1.0, 0.0, 0.481098, 0.0, 0.0, 0.0, 1.0],
                [-1.0, 0.0, -0.0, -0.034329, -0.0, -0.0, 1.0, 0.090916, -0.0, 1.0, 0.0, 0.481098, 0.0, 0.0, 0.0, 1.0],
                [-1.0, 0.0, -0.0, -0.051884, -0.0, -0.0, 1.0, 0.131228, -0.0, 1.0, 0.0, 0.481098, 0.0, 0.0, 0.0, 1.0],
                [-1.0, 0.0, -0.0, -0.072401, -0.0, -0.0, 1.0, 0.178884, -0.0, 1.0, 0.0, 0.481098, 0.0, 0.0, 0.0, 1.0],
                [-1.0, 0.0, -0.0, -0.097728, -0.0, -0.0, 1.0, 0.238639, -0.0, 1.0, 0.0, 0.481098, 0.0, 0.0, 0.0, 1.0],
                [-1.0, 0.0, -0.0, -0.129424, -0.0, -0.0, 1.0, 0.313653, -0.0, 1.0, 0.0, 0.481098, 0.0, 0.0, 0.0, 1.0],
                [-1.0, 0.0, -0.0, -0.164891, -0.0, -0.0, 1.0, 0.395193, -0.0, 1.0, 0.0, 0.481098, 0.0, 0.0, 0.0, 1.0],
                [-1.0, 0.0, -0.0, -0.203099, -0.0, -0.0, 1.0, 0.477237, -0.0, 1.0, 0.0, 0.481098, 0.0, 0.0, 0.0, 1.0],
                [-1.0, 0.0, -0.0, -0.241592, -0.0, -0.0, 1.0, 0.580722, -0.0, 1.0, 0.0, 0.481098, 0.0, 0.0, 0.0, 1.0],
                [-1.0, 0.0, -0.0, -0.278279, -0.0, -0.0, 1.0, 0.702993, -0.0, 1.0, 0.0, 0.481098, 0.0, 0.0, 0.0, 1.0],
                [-1.0, 0.0, -0.0, -0.3105, -0.0, -0.0, 1.0, 0.835671, -0.0, 1.0, 0.0, 0.481098, 0.0, 0.0, 0.0, 1.0],
                [-1.0, 0.0, -0.0, -0.33786, -0.0, -0.0, 1.0, 0.976617, -0.0, 1.0, 0.0, 0.481098, 0.0, 0.0, 0.0, 1.0],
                [-1.0, 0.0, -0.0, -0.357942, -0.0, -0.0, 1.0, 1.12712, -0.0, 1.0, 0.0, 0.481098, 0.0, 0.0, 0.0, 1.0],
                [-1.0, 0.0, -0.0, -0.369682, -0.0, -0.0, 1.0, 1.277306, -0.0, 1.0, 0.0, 0.481098, 0.0, 0.0, 0.0, 1.0],
                [-1.0, 0.0, -0.0, -0.376256, -0.0, -0.0, 1.0, 1.433378, -0.0, 1.0, 0.0, 0.481098, 0.0, 0.0, 0.0, 1.0],
                [-1.0, 0.0, -0.0, -0.382848, -0.0, -0.0, 1.0, 1.587865, -0.0, 1.0, 0.0, 0.481099, 0.0, 0.0, 0.0, 1.0],
                [-1.0, 0.0, -0.0, -0.392665, -0.0, -0.0, 1.0, 1.735776, -0.0, 1.0, 0.0, 0.481099, 0.0, 0.0, 0.0, 1.0],
                [-1.0, 0.0, -0.0, -0.40645, -0.0, -0.0, 1.0, 1.87741, -0.0, 1.0, 0.0, 0.481099, 0.0, 0.0, 0.0, 1.0],
                [-1.0, 0.0, -0.0, -0.426587, -0.0, -0.0, 1.0, 2.01125, -0.0, 1.0, 0.0, 0.481099, 0.0, 0.0, 0.0, 1.0],
                [-1.0, 0.0, -0.0, -0.449305, -0.0, -0.0, 1.0, 2.151989, -0.0, 1.0, 0.0, 0.481099, 0.0, 0.0, 0.0, 1.0],
                [-1.0, 0.0, -0.0, -0.471729, -0.0, -0.0, 1.0, 2.328807, -0.0, 1.0, 0.0, 0.481099, 0.0, 0.0, 0.0, 1.0],
                [-1.0, 0.0, -0.0, -0.491698, -0.0, -0.0, 1.0, 2.511903, -0.0, 1.0, 0.0, 0.481099, 0.0, 0.0, 0.0, 1.0],
                [-1.0, 0.0, -0.0, -0.506033, -0.0, -0.0, 1.0, 2.674082, -0.0, 1.0, 0.0, 0.481099, 0.0, 0.0, 0.0, 1.0],
                [-1.0, 0.0, -0.0, -0.511604, -0.0, -0.0, 1.0, 2.814396, -0.0, 1.0, 0.0, 0.481099, 0.0, 0.0, 0.0, 1.0],
                [-1.0, 0.0, -0.0, -0.504158, -0.0, -0.0, 1.0, 2.951208, -0.0, 1.0, 0.0, 0.481099, 0.0, 0.0, 0.0, 1.0],
                [-1.0, 0.0, -0.0, -0.485396, -0.0, -0.0, 1.0, 3.089141, -0.0, 1.0, 0.0, 0.481099, 0.0, 0.0, 0.0, 1.0],
                [-1.0, 0.0, -0.0, -0.464836, -0.0, -0.0, 1.0, 3.231518, -0.0, 1.0, 0.0, 0.481099, 0.0, 0.0, 0.0, 1.0],
                [-1.0, 0.0, -0.0, -0.451248, -0.0, -0.0, 1.0, 3.383508, -0.0, 1.0, 0.0, 0.481099, 0.0, 0.0, 0.0, 1.0],
                [-1.0, 0.0, -0.0, -0.445079, -0.0, -0.0, 1.0, 3.545079, -0.0, 1.0, 0.0, 0.481099, 0.0, 0.0, 0.0, 1.0],
                [-1.0, 0.0, -0.0, -0.440514, -0.0, -0.0, 1.0, 3.711155, -0.0, 1.0, 0.0, 0.481099, 0.0, 0.0, 0.0, 1.0],
                [-1.0, 0.0, -0.0, -0.432402, -0.0, -0.0, 1.0, 3.878535, -0.0, 1.0, 0.0, 0.481099, 0.0, 0.0, 0.0, 1.0],
                [-1.0, 0.0, -0.0, -0.41713, -0.0, -0.0, 1.0, 4.042518, -0.0, 1.0, 0.0, 0.481099, 0.0, 0.0, 0.0, 1.0],
                [-1.0, 0.0, -0.0, -0.395159, -0.0, -0.0, 1.0, 4.198966, -0.0, 1.0, 0.0, 0.481099, 0.0, 0.0, 0.0, 1.0],
                [-1.0, 0.0, -0.0, -0.370131, -0.0, -0.0, 1.0, 4.343738, -0.0, 1.0, 0.0, 0.481099, 0.0, 0.0, 0.0, 1.0],
                [-1.0, 0.0, -0.0, -0.342915, -0.0, -0.0, 1.0, 4.475349, -0.0, 1.0, 0.0, 0.481099, 0.0, 0.0, 0.0, 1.0],
                [-1.0, 0.0, -0.0, -0.31434, -0.0, -0.0, 1.0, 4.597301, -0.0, 1.0, 0.0, 0.481099, 0.0, 0.0, 0.0, 1.0],
                [-1.0, 0.0, -0.0, -0.285222, -0.0, -0.0, 1.0, 4.709595, -0.0, 1.0, 0.0, 0.481099, 0.0, 0.0, 0.0, 1.0],
                [-1.0, 0.0, -0.0, -0.25639, -0.0, -0.0, 1.0, 4.812018, -0.0, 1.0, 0.0, 0.4811, 0.0, 0.0, 0.0, 1.0],
                [-1.0, 0.0, -0.0, -0.228698, -0.0, -0.0, 1.0, 4.904465, -0.0, 1.0, 0.0, 0.4811, 0.0, 0.0, 0.0, 1.0],
                [-1.0, 0.0, -0.0, -0.202964, -0.0, -0.0, 1.0, 4.986828, -0.0, 1.0, 0.0, 0.4811, 0.0, 0.0, 0.0, 1.0],
                [-1.0, 0.0, -0.0, -0.185952, -0.0, -0.0, 1.0, 5.070146, -0.0, 1.0, 0.0, 0.4811, 0.0, 0.0, 0.0, 1.0],
                [-1.0, 0.0, -0.0, -0.172532, -0.0, -0.0, 1.0, 5.136125, -0.0, 1.0, 0.0, 0.4811, 0.0, 0.0, 0.0, 1.0],
                [-1.0, 0.0, -0.0, -0.162446, -0.0, -0.0, 1.0, 5.195282, -0.0, 1.0, 0.0, 0.4811, 0.0, 0.0, 0.0, 1.0],
                [-1.0, 0.0, -0.0, -0.154952, -0.0, -0.0, 1.0, 5.255379, -0.0, 1.0, 0.0, 0.4811, 0.0, 0.0, 0.0, 1.0],
                [-1.0, 0.0, -0.0, -0.149703, -0.0, -0.0, 1.0, 5.313849, -0.0, 1.0, 0.0, 0.4811, 0.0, 0.0, 0.0, 1.0],
                [-1.0, 0.0, -0.0, -0.145301, -0.0, -0.0, 1.0, 5.373156, -0.0, 1.0, 0.0, 0.4811, 0.0, 0.0, 0.0, 1.0],
                [-1.0, 0.0, -0.0, -0.139945, -0.0, -0.0, 1.0, 5.435367, -0.0, 1.0, 0.0, 0.4811, 0.0, 0.0, 0.0, 1.0],
                [-1.0, 0.0, -0.0, -0.133806, -0.0, -0.0, 1.0, 5.500685, -0.0, 1.0, 0.0, 0.4811, 0.0, 0.0, 0.0, 1.0],
                [-1.0, 0.0, -0.0, -0.126629, -0.0, -0.0, 1.0, 5.570587, -0.0, 1.0, 0.0, 0.4811, 0.0, 0.0, 0.0, 1.0],
                [-1.0, 0.0, -0.0, -0.117457, -0.0, -0.0, 1.0, 5.646263, -0.0, 1.0, 0.0, 0.4811, 0.0, 0.0, 0.0, 1.0],
                [-1.0, 0.0, -0.0, -0.108123, -0.0, -0.0, 1.0, 5.733084, -0.0, 1.0, 0.0, 0.4811, 0.0, 0.0, 0.0, 1.0],
                [-1.0, 0.0, -0.0, -0.098788, -0.0, -0.0, 1.0, 5.832217, -0.0, 1.0, 0.0, 0.4811, 0.0, 0.0, 0.0, 1.0],
                [-1.0, 0.0, -0.0, -0.086185, -0.0, -0.0, 1.0, 5.939106, -0.0, 1.0, 0.0, 0.4811, 0.0, 0.0, 0.0, 1.0],
                [-1.0, 0.0, -0.0, -0.068461, -0.0, -0.0, 1.0, 6.04842, -0.0, 1.0, 0.0, 0.4811, 0.0, 0.0, 0.0, 1.0],
                [-1.0, 0.0, -0.0, -0.041639, -0.0, -0.0, 1.0, 6.155831, -0.0, 1.0, 0.0, 0.4811, 0.0, 0.0, 0.0, 1.0],
                [-1.0, 0.0, -0.0, -0.005877, -0.0, -0.0, 1.0, 6.256662, -0.0, 1.0, 0.0, 0.4811, 0.0, 0.0, 0.0, 1.0],
                [-1.0, 0.0, -0.0, 0.036053, -0.0, -0.0, 1.0, 6.320505, -0.0, 1.0, 0.0, 0.4811, 0.0, 0.0, 0.0, 1.0],
                [-1.0, 0.0, -0.0, 0.08164, -0.0, -0.0, 1.0, 6.371185, -0.0, 1.0, 0.0, 0.4811, 0.0, 0.0, 0.0, 1.0],
                [-1.0, 0.0, -0.0, 0.129671, -0.0, -0.0, 1.0, 6.42859, -0.0, 1.0, 0.0, 0.4811, 0.0, 0.0, 0.0, 1.0],
                [-1.0, 0.0, -0.0, 0.178152, -0.0, -0.0, 1.0, 6.482948, -0.0, 1.0, 0.0, 0.4811, 0.0, 0.0, 0.0, 1.0],
                [-1.0, 0.0, -0.0, 0.227919, -0.0, -0.0, 1.0, 6.532909, -0.0, 1.0, 0.0, 0.4811, 0.0, 0.0, 0.0, 1.0],
                [-1.0, 0.0, -0.0, 0.268754, -0.0, -0.0, 1.0, 6.576668, -0.0, 1.0, 0.0, 0.4811, 0.0, 0.0, 0.0, 1.0],
                [-1.0, 0.0, -0.0, 0.291735, -0.0, -0.0, 1.0, 6.614762, -0.0, 1.0, 0.0, 0.4811, 0.0, 0.0, 0.0, 1.0],
                [-1.0, 0.0, -0.0, 0.304258, -0.0, -0.0, 1.0, 6.646082, -0.0, 1.0, 0.0, 0.4811, 0.0, 0.0, 0.0, 1.0],
                [-1.0, 0.0, -0.0, 0.315747, -0.0, -0.0, 1.0, 6.672547, -0.0, 1.0, 0.0, 0.4811, 0.0, 0.0, 0.0, 1.0],
                [-1.0, 0.0, -0.0, 0.32343, -0.0, -0.0, 1.0, 6.693526, -0.0, 1.0, 0.0, 0.4811, 0.0, 0.0, 0.0, 1.0],
                [-1.0, 0.0, -0.0, 0.330139, -0.0, -0.0, 1.0, 6.712611, -0.0, 1.0, 0.0, 0.4811, 0.0, 0.0, 0.0, 1.0],
                [-1.0, 0.0, -0.0, 0.335742, -0.0, -0.0, 1.0, 6.729898, -0.0, 1.0, 0.0, 0.4811, 0.0, 0.0, 0.0, 1.0],
                [-1.0, 0.0, -0.0, 0.340181, -0.0, -0.0, 1.0, 6.745325, -0.0, 1.0, 0.0, 0.4811, 0.0, 0.0, 0.0, 1.0],
                [-1.0, 0.0, -0.0, 0.343823, -0.0, -0.0, 1.0, 6.75952, -0.0, 1.0, 0.0, 0.4811, 0.0, 0.0, 0.0, 1.0],
                [-1.0, 0.0, -0.0, 0.347195, -0.0, -0.0, 1.0, 6.773342, -0.0, 1.0, 0.0, 0.4811, 0.0, 0.0, 0.0, 1.0],
                [-1.0, 0.0, -0.0, 0.350314, -0.0, -0.0, 1.0, 6.787268, -0.0, 1.0, 0.0, 0.4811, 0.0, 0.0, 0.0, 1.0],
                [-1.0, 0.0, -0.0, 0.352818, -0.0, -0.0, 1.0, 6.800888, -0.0, 1.0, 0.0, 0.4811, 0.0, 0.0, 0.0, 1.0],
                [-1.0, 0.0, -0.0, 0.35465, -0.0, -0.0, 1.0, 6.812258, -0.0, 1.0, 0.0, 0.4811, 0.0, 0.0, 0.0, 1.0],
                [-1.0, 0.0, -0.0, 0.35599, -0.0, -0.0, 1.0, 6.823628, -0.0, 1.0, 0.0, 0.4811, 0.0, 0.0, 0.0, 1.0],
                [-1.0, 0.0, -0.0, 0.357127, -0.0, -0.0, 1.0, 6.830637, -0.0, 1.0, 0.0, 0.4811, 0.0, 0.0, 0.0, 1.0],
                [-1.0, 0.0, -0.0, 0.357562, -0.0, -0.0, 1.0, 6.837647, -0.0, 1.0, 0.0, 0.4811, 0.0, 0.0, 0.0, 1.0],
                [-1.0, 0.0, -0.0, 0.357997, -0.0, -0.0, 1.0, 6.83891, -0.0, 1.0, 0.0, 0.4811, 0.0, 0.0, 0.0, 1.0],
                [-1.0, 0.0, -0.0, 0.358116, -0.0, -0.0, 1.0, 6.840173, -0.0, 1.0, 0.0, 0.4811, 0.0, 0.0, 0.0, 1.0],
                [-1.0, 0.0, -0.0, 0.358234, -0.0, -0.0, 1.0, 6.841435, -0.0, 1.0, 0.0, 0.4811, 0.0, 0.0, 0.0, 1.0],
                [-1.0, 0.0, -0.0, 0.358353, -0.0, -0.0, 1.0, 6.842698, -0.0, 1.0, 0.0, 0.4811, 0.0, 0.0, 0.0, 1.0],
                [-1.0, 0.0, -0.0, 0.358472, -0.0, -0.0, 1.0, 6.843962, -0.0, 1.0, 0.0, 0.4811, 0.0, 0.0, 0.0, 1.0],
                [-1.0, 0.0, -0.0, 0.358591, -0.0, -0.0, 1.0, 6.845224, -0.0, 1.0, 0.0, 0.4811, 0.0, 0.0, 0.0, 1.0],
                [-1.0, 0.0, -0.0, 0.35871, -0.0, -0.0, 1.0, 6.846487, -0.0, 1.0, 0.0, 0.4811, 0.0, 0.0, 0.0, 1.0],
                [-1.0, 0.0, -0.0, 0.358829, -0.0, -0.0, 1.0, 6.84775, -0.0, 1.0, 0.0, 0.4811, 0.0, 0.0, 0.0, 1.0],
                [-1.0, 0.0, -0.0, 0.359096, -0.0, -0.0, 1.0, 6.849012, -0.0, 1.0, 0.0, 0.4811, 0.0, 0.0, 0.0, 1.0],
                [-1.0, 0.0, -0.0, 0.359362, -0.0, -0.0, 1.0, 6.850276, -0.0, 1.0, 0.0, 0.4811, 0.0, 0.0, 0.0, 1.0],
                [-1.0, 0.0, -0.0, 0.359629, -0.0, -0.0, 1.0, 6.851538, -0.0, 1.0, 0.0, 0.4811, 0.0, 0.0, 0.0, 1.0],
                [-1.0, 0.0, -0.0, 0.35997, -0.0, -0.0, 1.0, 6.854221, -0.0, 1.0, 0.0, 0.4811, 0.0, 0.0, 0.0, 1.0],
                [-1.0, 0.0, -0.0, 0.360741, -0.0, -0.0, 1.0, 6.856904, -0.0, 1.0, 0.0, 0.4811, 0.0, 0.0, 0.0, 1.0],
                [-1.0, 0.0, -0.0, 0.361778, -0.0, -0.0, 1.0, 6.859587, -0.0, 1.0, 0.0, 0.4811, 0.0, 0.0, 0.0, 1.0],
                [-1.0, 0.0, -0.0, 0.363081, -0.0, -0.0, 1.0, 6.862269, -0.0, 1.0, 0.0, 0.4811, 0.0, 0.0, 0.0, 1.0],
                [-1.0, 0.0, -0.0, 0.364634, -0.0, -0.0, 1.0, 6.864952, -0.0, 1.0, 0.0, 0.4811, 0.0, 0.0, 0.0, 1.0],
                [-1.0, 0.0, -0.0, 0.366397, -0.0, -0.0, 1.0, 6.867635, -0.0, 1.0, 0.0, 0.4811, 0.0, 0.0, 0.0, 1.0],
                [-1.0, 0.0, -0.0, 0.368308, -0.0, -0.0, 1.0, 6.873565, -0.0, 1.0, 0.0, 0.4811, 0.0, 0.0, 0.0, 1.0],
                [-1.0, 0.0, -0.0, 0.370278, -0.0, -0.0, 1.0, 6.879495, -0.0, 1.0, 0.0, 0.4811, 0.0, 0.0, 0.0, 1.0],
                [-1.0, 0.0, -0.0, 0.372206, -0.0, -0.0, 1.0, 6.885425, -0.0, 1.0, 0.0, 0.4811, 0.0, 0.0, 0.0, 1.0],
                [-1.0, 0.0, -0.0, 0.373984, -0.0, -0.0, 1.0, 6.892014, -0.0, 1.0, 0.0, 0.4811, 0.0, 0.0, 0.0, 1.0],
                [-1.0, 0.0, -0.0, 0.375523, -0.0, -0.0, 1.0, 6.898602, -0.0, 1.0, 0.0, 0.4811, 0.0, 0.0, 0.0, 1.0],
                [-1.0, 0.0, -0.0, 0.376754, -0.0, -0.0, 1.0, 6.905191, -0.0, 1.0, 0.0, 0.4811, 0.0, 0.0, 0.0, 1.0],
                [-1.0, 0.0, -0.0, 0.377639, -0.0, -0.0, 1.0, 6.912222, -0.0, 1.0, 0.0, 0.4811, 0.0, 0.0, 0.0, 1.0],
                [-1.0, 0.0, -0.0, 0.377578, -0.0, -0.0, 1.0, 6.919253, -0.0, 1.0, 0.0, 0.4811, 0.0, 0.0, 0.0, 1.0],
                [-1.0, 0.0, -0.0, 0.377517, -0.0, -0.0, 1.0, 6.928197, -0.0, 1.0, 0.0, 0.4811, 0.0, 0.0, 0.0, 1.0],
                [-1.0, 0.0, -0.0, 0.377456, -0.0, -0.0, 1.0, 6.937141, -0.0, 1.0, 0.0, 0.4811, 0.0, 0.0, 0.0, 1.0],
                [-1.0, 0.0, -0.0, 0.377395, -0.0, -0.0, 1.0, 6.938614, -0.0, 1.0, 0.0, 0.4811, 0.0, 0.0, 0.0, 1.0],
                [-1.0, 0.0, -0.0, 0.377334, -0.0, -0.0, 1.0, 6.940088, -0.0, 1.0, 0.0, 0.4811, 0.0, 0.0, 0.0, 1.0],
                [-1.0, 0.0, -0.0, 0.377273, -0.0, -0.0, 1.0, 6.941561, -0.0, 1.0, 0.0, 0.4811, 0.0, 0.0, 0.0, 1.0],
                [-1.0, 0.0, -0.0, 0.375823, -0.0, -0.0, 1.0, 6.943035, -0.0, 1.0, 0.0, 0.4811, 0.0, 0.0, 0.0, 1.0],
                [-1.0, 0.0, -0.0, 0.3742, -0.0, -0.0, 1.0, 6.944508, -0.0, 1.0, 0.0, 0.4811, 0.0, 0.0, 0.0, 1.0],
                [-1.0, 0.0, -0.0, 0.372033, -0.0, -0.0, 1.0, 6.927561, -0.0, 1.0, 0.0, 0.4811, 0.0, 0.0, 0.0, 1.0],
                [-1.0, 0.0, -0.0, 0.369626, -0.0, -0.0, 1.0, 6.909374, -0.0, 1.0, 0.0, 0.4811, 0.0, 0.0, 0.0, 1.0],
                [-1.0, 0.0, -0.0, 0.366834, -0.0, -0.0, 1.0, 6.887612, -0.0, 1.0, 0.0, 0.4811, 0.0, 0.0, 0.0, 1.0],
                [-1.0, 0.0, -0.0, 0.363187, -0.0, -0.0, 1.0, 6.863347, -0.0, 1.0, 0.0, 0.4811, 0.0, 0.0, 0.0, 1.0],
                [-1.0, 0.0, -0.0, 0.358939, -0.0, -0.0, 1.0, 6.837651, -0.0, 1.0, 0.0, 0.4811, 0.0, 0.0, 0.0, 1.0],
                [-1.0, 0.0, -0.0, 0.353859, -0.0, -0.0, 1.0, 6.809392, -0.0, 1.0, 0.0, 0.4811, 0.0, 0.0, 0.0, 1.0],
                [-1.0, 0.0, -0.0, 0.347765, -0.0, -0.0, 1.0, 6.77918, -0.0, 1.0, 0.0, 0.4811, 0.0, 0.0, 0.0, 1.0],
                [-1.0, 0.0, -0.0, 0.341214, -0.0, -0.0, 1.0, 6.748039, -0.0, 1.0, 0.0, 0.4811, 0.0, 0.0, 0.0, 1.0],
                [-1.0, 0.0, -0.0, 0.334112, -0.0, -0.0, 1.0, 6.715504, -0.0, 1.0, 0.0, 0.4811, 0.0, 0.0, 0.0, 1.0],
                [-1.0, 0.0, -0.0, 0.325934, -0.0, -0.0, 1.0, 6.681399, -0.0, 1.0, 0.0, 0.4811, 0.0, 0.0, 0.0, 1.0],
                [-1.0, 0.0, -0.0, 0.316663, -0.0, -0.0, 1.0, 6.646296, -0.0, 1.0, 0.0, 0.4811, 0.0, 0.0, 0.0, 1.0],
                [-1.0, 0.0, -0.0, 0.30715, -0.0, -0.0, 1.0, 6.610161, -0.0, 1.0, 0.0, 0.4811, 0.0, 0.0, 0.0, 1.0],
                [-1.0, 0.0, -0.0, 0.296247, -0.0, -0.0, 1.0, 6.572357, -0.0, 1.0, 0.0, 0.4811, 0.0, 0.0, 0.0, 1.0],
                [-1.0, 0.0, -0.0, 0.281798, -0.0, -0.0, 1.0, 6.533789, -0.0, 1.0, 0.0, 0.4811, 0.0, 0.0, 0.0, 1.0],
                [-1.0, 0.0, -0.0, 0.262994, -0.0, -0.0, 1.0, 6.495084, -0.0, 1.0, 0.0, 0.4811, 0.0, 0.0, 0.0, 1.0],
                [-1.0, 0.0, -0.0, 0.240424, -0.0, -0.0, 1.0, 6.45461, -0.0, 1.0, 0.0, 0.4811, 0.0, 0.0, 0.0, 1.0],
                [-1.0, 0.0, -0.0, 0.216668, -0.0, -0.0, 1.0, 6.411961, -0.0, 1.0, 0.0, 0.4811, 0.0, 0.0, 0.0, 1.0],
                [-1.0, 0.0, -0.0, 0.191095, -0.0, -0.0, 1.0, 6.367555, -0.0, 1.0, 0.0, 0.4811, 0.0, 0.0, 0.0, 1.0],
                [-1.0, 0.0, -0.0, 0.16573, -0.0, -0.0, 1.0, 6.323132, -0.0, 1.0, 0.0, 0.4811, 0.0, 0.0, 0.0, 1.0],
                [-1.0, 0.0, -0.0, 0.142499, -0.0, -0.0, 1.0, 6.280437, -0.0, 1.0, 0.0, 0.4811, 0.0, 0.0, 0.0, 1.0],
                [-1.0, 0.0, -0.0, 0.120862, -0.0, -0.0, 1.0, 6.23892, -0.0, 1.0, 0.0, 0.4811, 0.0, 0.0, 0.0, 1.0],
                [-1.0, 0.0, -0.0, 0.103625, -0.0, -0.0, 1.0, 6.201046, -0.0, 1.0, 0.0, 0.4811, 0.0, 0.0, 0.0, 1.0],
                [-1.0, 0.0, -0.0, 0.091939, -0.0, -0.0, 1.0, 6.167345, -0.0, 1.0, 0.0, 0.4811, 0.0, 0.0, 0.0, 1.0],
                [-1.0, 0.0, -0.0, 0.084711, -0.0, -0.0, 1.0, 6.138849, -0.0, 1.0, 0.0, 0.4811, 0.0, 0.0, 0.0, 1.0],
                [-1.0, 0.0, -0.0, 0.079272, -0.0, -0.0, 1.0, 6.114518, -0.0, 1.0, 0.0, 0.4811, 0.0, 0.0, 0.0, 1.0],
                [-1.0, 0.0, -0.0, 0.076287, -0.0, -0.0, 1.0, 6.095014, -0.0, 1.0, 0.0, 0.4811, 0.0, 0.0, 0.0, 1.0],
                [-1.0, 0.0, -0.0, 0.074432, -0.0, -0.0, 1.0, 6.077236, -0.0, 1.0, 0.0, 0.4811, 0.0, 0.0, 0.0, 1.0],
                [-1.0, 0.0, -0.0, 0.073828, -0.0, -0.0, 1.0, 6.062202, -0.0, 1.0, 0.0, 0.4811, 0.0, 0.0, 0.0, 1.0],
                [-1.0, 0.0, -0.0, 0.073053, -0.0, -0.0, 1.0, 6.054568, -0.0, 1.0, 0.0, 0.4811, 0.0, 0.0, 0.0, 1.0],
                [-1.0, 0.0, -0.0, 0.071667, -0.0, -0.0, 1.0, 6.046934, -0.0, 1.0, 0.0, 0.4811, 0.0, 0.0, 0.0, 1.0],
                [-1.0, 0.0, -0.0, 0.069447, -0.0, -0.0, 1.0, 6.054563, -0.0, 1.0, 0.0, 0.4811, 0.0, 0.0, 0.0, 1.0],
                [-1.0, 0.0, -0.0, 0.066799, -0.0, -0.0, 1.0, 6.062191, -0.0, 1.0, 0.0, 0.4811, 0.0, 0.0, 0.0, 1.0],
                [-1.0, 0.0, -0.0, 0.063937, -0.0, -0.0, 1.0, 6.071106, -0.0, 1.0, 0.0, 0.4811, 0.0, 0.0, 0.0, 1.0],
                [-1.0, 0.0, -0.0, 0.061177, -0.0, -0.0, 1.0, 6.080021, -0.0, 1.0, 0.0, 0.4811, 0.0, 0.0, 0.0, 1.0],
                [-1.0, 0.0, -0.0, 0.058487, -0.0, -0.0, 1.0, 6.090451, -0.0, 1.0, 0.0, 0.4811, 0.0, 0.0, 0.0, 1.0],
                [-1.0, 0.0, -0.0, 0.055728, -0.0, -0.0, 1.0, 6.100881, -0.0, 1.0, 0.0, 0.4811, 0.0, 0.0, 0.0, 1.0],
                [-1.0, 0.0, -0.0, 0.052945, -0.0, -0.0, 1.0, 6.111557, -0.0, 1.0, 0.0, 0.4811, 0.0, 0.0, 0.0, 1.0],
                [-1.0, 0.0, -0.0, 0.050205, -0.0, -0.0, 1.0, 6.122233, -0.0, 1.0, 0.0, 0.4811, 0.0, 0.0, 0.0, 1.0],
                [-1.0, 0.0, -0.0, 0.047582, -0.0, -0.0, 1.0, 6.131847, -0.0, 1.0, 0.0, 0.4811, 0.0, 0.0, 0.0, 1.0],
                [-1.0, 0.0, -0.0, 0.045144, -0.0, -0.0, 1.0, 6.14146, -0.0, 1.0, 0.0, 0.4811, 0.0, 0.0, 0.0, 1.0],
                [-1.0, 0.0, -0.0, 0.04316, -0.0, -0.0, 1.0, 6.14146, -0.0, 1.0, 0.0, 0.4811, 0.0, 0.0, 0.0, 1.0],
                [-1.0, 0.0, -0.0, 0.04316, -0.0, -0.0, 1.0, 6.14146, -0.0, 1.0, 0.0, 0.4811, 0.0, 0.0, 0.0, 1.0]
            ]
        },
        {
            "name": "Thigh_R",
            "time": [0.0, 0.0417, 0.0833, 0.125, 0.1667, 0.2083, 0.25, 0.2917, 0.3333, 0.375, 0.4167, 0.4583, 0.5, 0.5417, 0.5833, 0.625, 0.6667, 0.7083, 0.75, 0.7917, 0.8333, 0.875, 0.9167, 0.9583, 1.0, 1.0417, 1.0833, 1.125, 1.1667, 1.2083, 1.25, 1.2917, 1.3333, 1.375, 1.4167, 1.4583, 1.5, 1.5417, 1.5833, 1.625, 1.6667, 1.7083, 1.75, 1.7917, 1.8333, 1.875, 1.9167, 1.9583, 2.0, 2.0417, 2.0833, 2.125, 2.1667, 2.2083, 2.25, 2.2917, 2.3333, 2.375, 2.4167, 2.4583, 2.5, 2.5417, 2.5833, 2.625, 2.6667, 2.7083, 2.75, 2.7917, 2.8333, 2.875, 2.9167, 2.9583, 3.0, 3.0417, 3.0833, 3.125, 3.1667, 3.2083, 3.25, 3.2917, 3.3333, 3.375, 3.4167, 3.4583, 3.5, 3.5417, 3.5833, 3.625, 3.6667, 3.7083, 3.75, 3.7917, 3.8333, 3.875, 3.9167, 3.9583, 4.0, 4.0417, 4.0833, 4.125, 4.1667, 4.2083, 4.25, 4.2917, 4.3333, 4.375, 4.4167, 4.4583, 4.5, 4.5417, 4.5833, 4.625, 4.6667, 4.7083, 4.75, 4.7917, 4.8333, 4.875, 4.9167, 4.9583, 5.0, 5.0417, 5.0833, 5.125, 5.1667, 5.2083, 5.25, 5.2917, 5.3333, 5.375, 5.4167, 5.4583, 5.5, 5.5417, 5.5833, 5.625, 5.6667, 5.7083, 5.75, 5.7917, 5.8333, 5.875, 5.9167, 5.9583, 6.0, 6.0417, 6.0833, 6.125, 6.1667, 6.2083, 6.25, 6.2917],
            "transform": [
                [-0.985537, -0.08535, 0.146414, 0.096351, 0.16882, -0.570252, 0.803937, 0.058237, 0.014877, 0.817025, 0.576412, 0.033027, 0.0, 0.0, 0.0, 1.0],
                [-0.990893, -0.08722, 0.102603, 0.096351, 0.133798, -0.551331, 0.823488, 0.058238, -0.015256, 0.829716, 0.557979, 0.033027, 0.0, 0.0, 0.0, 1.0],
                [-0.992364, -0.087197, 0.087256, 0.096351, 0.120163, -0.523386, 0.843582, 0.058238, -0.02789, 0.847624, 0.529866, 0.033027, 0.0, 0.0, 0.0, 1.0],
                [-0.993086, -0.086831, 0.079017, 0.096351, 0.111627, -0.48986, 0.864626, 0.058238, -0.036369, 0.867467, 0.496165, 0.033027, 0.0, 0.0, 0.0, 1.0],
                [-0.992945, -0.084714, 0.082983, 0.096351, 0.112328, -0.447577, 0.887163, 0.058238, -0.038014, 0.890225, 0.453934, 0.033027, 0.0, 0.0, 0.0, 1.0],
                [-0.991505, -0.080799, 0.101938, 0.096351, 0.125911, -0.399425, 0.908079, 0.058238, -0.032655, 0.913199, 0.406205, 0.033027, 0.0, 0.0, 0.0, 1.0],
                [-0.988853, -0.089874, 0.118725, 0.096351, 0.143099, -0.353091, 0.924582, 0.058238, -0.041175, 0.931263, 0.362015, 0.033027, 0.0, 0.0, 0.0, 1.0],
                [-0.985285, -0.110767, 0.130183, 0.096351, 0.158907, -0.313005, 0.936364, 0.058238, -0.06297, 0.943271, 0.326, 0.033027, 0.0, 0.0, 0.0, 1.0],
                [-0.980879, -0.143369, 0.131617, 0.096351, 0.168205, -0.284307, 0.943863, 0.058238, -0.097902, 0.947954, 0.302986, 0.033027, 0.0, 0.0, 0.0, 1.0],
                [-0.974534, -0.180197, 0.133477, 0.096351, 0.179586, -0.270671, 0.945773, 0.058238, -0.134297, 0.945657, 0.296138, 0.033027, 0.0, 0.0, 0.0, 1.0],
                [-0.967328, -0.224503, 0.117805, 0.096351, 0.179823, -0.279976, 0.943015, 0.058238, -0.178727, 0.933388, 0.311199, 0.033027, 0.0, 0.0, 0.0, 1.0],
                [-0.954844, -0.283619, 0.088523, 0.096351, 0.179439, -0.31301, 0.932646, 0.058238, -0.236808, 0.906415, 0.349767, 0.033027, 0.0, 0.0, 0.0, 1.0],
                [-0.933729, -0.35552, 0.041929, 0.096351, 0.178279, -0.360236, 0.915668, 0.058238, -0.310434, 0.86246, 0.399744, 0.033028, 0.0, 0.0, 0.0, 1.0],
                [-0.901097, -0.433388, -0.014266, 0.096351, 0.185879, -0.415784, 0.890267, 0.058238, -0.391763, 0.799563, 0.455218, 0.033027, 0.0, 0.0, 0.0, 1.0],
                [-0.860332, -0.505153, -0.068213, 0.096351, 0.211313, -0.475225, 0.854113, 0.058237, -0.463874, 0.720405, 0.515596, 0.033028, 0.0, 0.0, 0.0, 1.0],
                [-0.821413, -0.558732, -0.114468, 0.096351, 0.256131, -0.540706, 0.801272, 0.058238, -0.509589, 0.628855, 0.58725, 0.033028, 0.0, 0.0, 0.0, 1.0],
                [-0.79602, -0.587545, -0.145417, 0.096351, 0.312821, -0.605031, 0.732177, 0.058237, -0.518168, 0.537337, 0.665412, 0.033028, 0.0, 0.0, 0.0, 1.0],
                [-0.773528, -0.606758, -0.183033, 0.096351, 0.366734, -0.664075, 0.651545, 0.058237, -0.516878, 0.436863, 0.736198, 0.033027, 0.0, 0.0, 0.0, 1.0],
                [-0.738355, -0.630334, -0.23982, 0.096351, 0.418989, -0.707378, 0.569268, 0.058238, -0.528472, 0.31984, 0.786398, 0.033028, 0.0, 0.0, 0.0, 1.0],
                [-0.67536, -0.665375, -0.31807, 0.096351, 0.472591, -0.721556, 0.505982, 0.058238, -0.566172, 0.191403, 0.801759, 0.033027, 0.0, 0.0, 0.0, 1.0],
                [-0.601936, -0.691516, -0.399351, 0.096351, 0.524688, -0.719491, 0.455014, 0.058237, -0.601979, 0.064355, 0.795916, 0.033026, 0.0, 0.0, 0.0, 1.0],
                [-0.530907, -0.698199, -0.480269, 0.096351, 0.573479, -0.71326, 0.402968, 0.058238, -0.623908, -0.061485, 0.779077, 0.033027, 0.0, 0.0, 0.0, 1.0],
                [-0.486013, -0.697545, -0.526521, 0.096351, 0.626292, -0.698179, 0.346853, 0.058238, -0.609552, -0.16118, 0.77619, 0.033028, 0.0, 0.0, 0.0, 1.0],
                [-0.478661, -0.683653, -0.550912, 0.096351, 0.689477, -0.681168, 0.24624, 0.058238, -0.543607, -0.261975, 0.79741, 0.033027, 0.0, 0.0, 0.0, 1.0],
                [-0.478393, -0.678666, -0.557275, 0.096351, 0.741845, -0.651914, 0.157084, 0.058239, -0.469903, -0.338263, 0.815335, 0.033028, 0.0, 0.0, 0.0, 1.0],
                [-0.458898, -0.710924, -0.532918, 0.096351, 0.785617, -0.604827, 0.130354, 0.058238, -0.414996, -0.358849, 0.836067, 0.033026, 0.0, 0.0, 0.0, 1.0],
                [-0.395638, -0.776818, -0.489924, 0.096351, 0.816285, -0.541906, 0.200048, 0.058239, -0.420894, -0.32077, 0.848503, 0.033027, 0.0, 0.0, 0.0, 1.0],
                [-0.277524, -0.836351, -0.472757, 0.096351, 0.814898, -0.465561, 0.345249, 0.058237, -0.508847, -0.289433, 0.810744, 0.033027, 0.0, 0.0, 0.0, 1.0],
                [-0.196636, -0.843468, -0.499898, 0.096351, 0.809483, -0.427344, 0.402637, 0.058239, -0.55324, -0.325485, 0.766803, 0.033027, 0.0, 0.0, 0.0, 1.0],
                [-0.174722, -0.814161, -0.553729, 0.096351, 0.812937, -0.436579, 0.385402, 0.058238, -0.555526, -0.382808, 0.738141, 0.033026, 0.0, 0.0, 0.0, 1.0],
                [-0.23077, -0.762253, -0.604747, 0.096351, 0.812857, -0.492639, 0.310762, 0.058238, -0.534801, -0.419858, 0.733287, 0.033028, 0.0, 0.0, 0.0, 1.0],
                [-0.390601, -0.675576, -0.625324, 0.096351, 0.791095, -0.593703, 0.147266, 0.058238, -0.470747, -0.437167, 0.766345, 0.033027, 0.0, 0.0, 0.0, 1.0],
                [-0.540663, -0.579876, -0.609449, 0.096351, 0.733746, -0.679411, -0.004488, 0.058237, -0.411464, -0.449607, 0.792813, 0.033027, 0.0, 0.0, 0.0, 1.0],
                [-0.602036, -0.52254, -0.603745, 0.096351, 0.685106, -0.726406, -0.054463, 0.058237, -0.410105, -0.446417, 0.795316, 0.033026, 0.0, 0.0, 0.0, 1.0],
                [-0.635957, -0.489813, -0.596359, 0.096351, 0.644661, -0.761982, -0.061622, 0.058238, -0.424232, -0.423638, 0.80035, 0.033028, 0.0, 0.0, 0.0, 1.0],
                [-0.639447, -0.476042, -0.603734, 0.096351, 0.613591, -0.789141, -0.027652, 0.058238, -0.463268, -0.388127, 0.796707, 0.033028, 0.0, 0.0, 0.0, 1.0],
                [-0.622347, -0.461551, -0.632186, 0.096351, 0.585791, -0.810326, 0.014936, 0.058237, -0.519171, -0.361032, 0.774675, 0.033028, 0.0, 0.0, 0.0, 1.0],
                [-0.604437, -0.444106, -0.661382, 0.096351, 0.559649, -0.82755, 0.044221, 0.058239, -0.566966, -0.343413, 0.748744, 0.033029, 0.0, 0.0, 0.0, 1.0],
                [-0.583942, -0.414186, -0.698186, 0.096351, 0.535229, -0.843075, 0.052489, 0.058238, -0.610364, -0.343038, 0.713991, 0.033029, 0.0, 0.0, 0.0, 1.0],
                [-0.568907, -0.332891, -0.752018, 0.096351, 0.521188, -0.853282, -0.016566, 0.058237, -0.636168, -0.401367, 0.658936, 0.033028, 0.0, 0.0, 0.0, 1.0],
                [-0.552849, -0.288732, -0.781661, 0.096351, 0.505406, -0.861998, -0.039053, 0.058238, -0.662515, -0.416646, 0.622481, 0.033026, 0.0, 0.0, 0.0, 1.0],
                [-0.557953, -0.272793, -0.783757, 0.096351, 0.496311, -0.866606, -0.051691, 0.058239, -0.665108, -0.417827, 0.618914, 0.033027, 0.0, 0.0, 0.0, 1.0],
                [-0.583053, -0.253247, -0.771958, 0.096351, 0.484278, -0.871255, -0.079949, 0.058238, -0.652325, -0.420455, 0.630629, 0.033026, 0.0, 0.0, 0.0, 1.0],
                [-0.623214, -0.233134, -0.746496, 0.096352, 0.471493, -0.873557, -0.120811, 0.058237, -0.623942, -0.427257, 0.654332, 0.033027, 0.0, 0.0, 0.0, 1.0],
                [-0.67148, -0.214042, -0.70944, 0.096352, 0.455319, -0.874506, -0.167112, 0.058237, -0.58464, -0.435232, 0.684669, 0.033026, 0.0, 0.0, 0.0, 1.0],
                [-0.72084, -0.195603, -0.664931, 0.096352, 0.434373, -0.875072, -0.213476, 0.058238, -0.540105, -0.442708, 0.71575, 0.033026, 0.0, 0.0, 0.0, 1.0],
                [-0.766442, -0.180361, -0.616474, 0.096351, 0.410936, -0.875333, -0.254807, 0.058239, -0.493663, -0.448625, 0.745007, 0.033029, 0.0, 0.0, 0.0, 1.0],
                [-0.804441, -0.174215, -0.567915, 0.096351, 0.384099, -0.881839, -0.273553, 0.058239, -0.453152, -0.438191, 0.776301, 0.033028, 0.0, 0.0, 0.0, 1.0],
                [-0.833861, -0.174639, -0.523623, 0.096351, 0.354405, -0.896661, -0.265328, 0.058238, -0.423176, -0.40682, 0.809582, 0.033029, 0.0, 0.0, 0.0, 1.0],
                [-0.859646, -0.178601, -0.478659, 0.096351, 0.319383, -0.919131, -0.230641, 0.058238, -0.398758, -0.351144, 0.847167, 0.033028, 0.0, 0.0, 0.0, 1.0],
                [-0.955314, -0.227471, -0.188779, 0.096351, 0.221522, -0.973752, 0.052323, 0.058239, -0.195726, 0.008166, 0.980626, 0.033029, 0.0, 0.0, 0.0, 1.0],
                [-0.915241, -0.326039, -0.236724, 0.096351, 0.202228, -0.879889, 0.43, 0.058238, -0.348488, 0.345681, 0.871243, 0.033028, 0.0, 0.0, 0.0, 1.0],
                [-0.943859, -0.307257, -0.121362, 0.096351, 0.147252, -0.720149, 0.678016, 0.058239, -0.295724, 0.622078, 0.724961, 0.033028, 0.0, 0.0, 0.0, 1.0],
                [-0.968238, -0.24952, -0.01613, 0.096351, 0.127996, -0.550023, 0.825284, 0.058239, -0.214797, 0.797004, 0.56449, 0.033028, 0.0, 0.0, 0.0, 1.0],
                [-0.981972, -0.164681, 0.092823, 0.096351, 0.1571, -0.437791, 0.885246, 0.058238, -0.105146, 0.883867, 0.455769, 0.033028, 0.0, 0.0, 0.0, 1.0],
                [-0.9702, -0.066448, 0.233026, 0.096351, 0.240442, -0.383321, 0.891771, 0.058238, 0.030067, 0.921223, 0.387874, 0.033028, 0.0, 0.0, 0.0, 1.0],
                [-0.931616, -0.038393, 0.361417, 0.096351, 0.34417, -0.412772, 0.843308, 0.058238, 0.116806, 0.910026, 0.397757, 0.033028, 0.0, 0.0, 0.0, 1.0],
                [-0.882949, -0.11871, 0.454218, 0.096351, 0.454527, -0.458347, 0.763758, 0.058238, 0.117523, 0.880811, 0.458653, 0.033028, 0.0, 0.0, 0.0, 1.0],
                [-0.80951, -0.128396, 0.572899, 0.096351, 0.570235, -0.404217, 0.715153, 0.058239, 0.139753, 0.905608, 0.400432, 0.033028, 0.0, 0.0, 0.0, 1.0],
                [-0.705583, -0.012195, 0.708525, 0.096351, 0.689668, -0.24157, 0.682646, 0.058239, 0.162833, 0.970308, 0.178857, 0.033029, 0.0, 0.0, 0.0, 1.0],
                [-0.604387, 0.073511, 0.793295, 0.096351, 0.777397, -0.163413, 0.607416, 0.058239, 0.174287, 0.983816, 0.041617, 0.033028, 0.0, 0.0, 0.0, 1.0],
                [-0.54167, 0.135449, 0.829608, 0.096351, 0.815915, -0.152671, 0.557655, 0.058239, 0.20219, 0.978952, -0.027817, 0.033027, 0.0, 0.0, 0.0, 1.0],
                [-0.569766, 0.187559, 0.80012, 0.096351, 0.796611, -0.113199, 0.593802, 0.058238, 0.201945, 0.97571, -0.084915, 0.033028, 0.0, 0.0, 0.0, 1.0],
                [-0.530019, 0.269578, 0.803997, 0.096351, 0.802531, -0.146796, 0.578272, 0.058238, 0.273913, 0.951725, -0.13854, 0.033028, 0.0, 0.0, 0.0, 1.0],
                [-0.45224, 0.345359, 0.82232, 0.096351, 0.80715, -0.233792, 0.542084, 0.058238, 0.379465, 0.908884, -0.173026, 0.033029, 0.0, 0.0, 0.0, 1.0],
                [-0.459342, 0.369657, 0.807689, 0.096351, 0.775201, -0.277115, 0.567693, 0.058238, 0.433674, 0.886884, -0.159267, 0.033028, 0.0, 0.0, 0.0, 1.0],
                [-0.517899, 0.354518, 0.778524, 0.096351, 0.726122, -0.298954, 0.619174, 0.058238, 0.452252, 0.885971, -0.102595, 0.033028, 0.0, 0.0, 0.0, 1.0],
                [-0.564376, 0.335875, 0.754103, 0.096351, 0.682412, -0.324225, 0.65513, 0.058238, 0.464541, 0.884346, -0.04622, 0.033028, 0.0, 0.0, 0.0, 1.0],
                [-0.602843, 0.315405, 0.732873, 0.096351, 0.645719, -0.34667, 0.680346, 0.058238, 0.46865, 0.883369, 0.005324, 0.033029, 0.0, 0.0, 0.0, 1.0],
                [-0.631493, 0.299659, 0.71514, 0.096351, 0.617242, -0.363937, 0.697542, 0.058238, 0.469291, 0.881905, 0.044862, 0.033028, 0.0, 0.0, 0.0, 1.0],
                [-0.653106, 0.287125, 0.700725, 0.096351, 0.597406, -0.373288, 0.709764, 0.058238, 0.465364, 0.882166, 0.072266, 0.033029, 0.0, 0.0, 0.0, 1.0],
                [-0.671234, 0.273981, 0.688754, 0.096351, 0.584485, -0.37583, 0.719119, 0.058238, 0.455879, 0.885262, 0.092131, 0.033028, 0.0, 0.0, 0.0, 1.0],
                [-0.687135, 0.262659, 0.677392, 0.096352, 0.574481, -0.374352, 0.727898, 0.058238, 0.444772, 0.889311, 0.106337, 0.033029, 0.0, 0.0, 0.0, 1.0],
                [-0.701374, 0.252288, 0.666656, 0.096351, 0.566288, -0.370786, 0.736097, 0.058238, 0.432895, 0.893796, 0.117191, 0.033029, 0.0, 0.0, 0.0, 1.0],
                [-0.709401, 0.24507, 0.660829, 0.096351, 0.563894, -0.365127, 0.740748, 0.058238, 0.422821, 0.898123, 0.120828, 0.033029, 0.0, 0.0, 0.0, 1.0],
                [-0.709184, 0.244806, 0.661159, 0.096351, 0.564797, -0.364021, 0.740606, 0.058238, 0.42198, 0.898644, 0.119892, 0.033028, 0.0, 0.0, 0.0, 1.0],
                [-0.70793, 0.244117, 0.662756, 0.096351, 0.566545, -0.364052, 0.739253, 0.058238, 0.421742, 0.898819, 0.11942, 0.033028, 0.0, 0.0, 0.0, 1.0],
                [-0.705414, 0.242252, 0.666115, 0.096351, 0.570916, -0.362754, 0.736523, 0.058239, 0.42006, 0.899847, 0.117586, 0.033028, 0.0, 0.0, 0.0, 1.0],
                [-0.699953, 0.234203, 0.674699, 0.096351, 0.579778, -0.365317, 0.728288, 0.058238, 0.417046, 0.900941, 0.119918, 0.033028, 0.0, 0.0, 0.0, 1.0],
                [-0.695116, 0.231803, 0.680504, 0.096352, 0.588127, -0.361011, 0.723727, 0.058238, 0.413431, 0.903294, 0.114615, 0.033029, 0.0, 0.0, 0.0, 1.0],
                [-0.690281, 0.232919, 0.685029, 0.096351, 0.59483, -0.356347, 0.720553, 0.058239, 0.411939, 0.904858, 0.107432, 0.033027, 0.0, 0.0, 0.0, 1.0],
                [-0.686384, 0.235058, 0.688207, 0.096351, 0.599951, -0.351824, 0.718527, 0.058239, 0.411023, 0.906074, 0.100462, 0.033028, 0.0, 0.0, 0.0, 1.0],
                [-0.685233, 0.235155, 0.68932, 0.096351, 0.601755, -0.35039, 0.717719, 0.058238, 0.410306, 0.906604, 0.098593, 0.033029, 0.0, 0.0, 0.0, 1.0],
                [-0.686497, 0.233067, 0.688771, 0.096351, 0.600665, -0.352064, 0.717813, 0.058239, 0.40979, 0.906494, 0.101696, 0.033028, 0.0, 0.0, 0.0, 1.0],
                [-0.689421, 0.23027, 0.686789, 0.096351, 0.598543, -0.352919, 0.719164, 0.058239, 0.407983, 0.906877, 0.105483, 0.033028, 0.0, 0.0, 0.0, 1.0],
                [-0.689389, 0.231463, 0.68642, 0.096351, 0.59664, -0.355956, 0.719249, 0.058238, 0.410815, 0.905385, 0.107291, 0.033028, 0.0, 0.0, 0.0, 1.0],
                [-0.688207, 0.233404, 0.686948, 0.096351, 0.594841, -0.360569, 0.718441, 0.058238, 0.415379, 0.903059, 0.109307, 0.033029, 0.0, 0.0, 0.0, 1.0],
                [-0.686356, 0.235727, 0.688006, 0.096351, 0.593614, -0.364964, 0.717235, 0.058238, 0.420169, 0.900686, 0.110564, 0.033029, 0.0, 0.0, 0.0, 1.0],
                [-0.684805, 0.238086, 0.688739, 0.096351, 0.591694, -0.370029, 0.716226, 0.058238, 0.425376, 0.897996, 0.112523, 0.033028, 0.0, 0.0, 0.0, 1.0],
                [-0.683792, 0.238688, 0.689536, 0.096351, 0.589299, -0.376625, 0.71476, 0.058239, 0.430302, 0.895088, 0.116874, 0.033028, 0.0, 0.0, 0.0, 1.0],
                [-0.683847, 0.237519, 0.689885, 0.096351, 0.586318, -0.383882, 0.71335, 0.058239, 0.434269, 0.892313, 0.123254, 0.033029, 0.0, 0.0, 0.0, 1.0],
                [-0.682766, 0.238308, 0.690683, 0.096351, 0.583405, -0.391276, 0.711719, 0.058238, 0.439856, 0.888884, 0.12812, 0.033029, 0.0, 0.0, 0.0, 1.0],
                [-0.681195, 0.2405, 0.691475, 0.096351, 0.580374, -0.398326, 0.710285, 0.058239, 0.446256, 0.885154, 0.131757, 0.033028, 0.0, 0.0, 0.0, 1.0],
                [-0.679564, 0.244159, 0.691797, 0.096351, 0.577204, -0.404088, 0.709614, 0.058239, 0.452805, 0.881534, 0.133674, 0.033027, 0.0, 0.0, 0.0, 1.0],
                [-0.677923, 0.247336, 0.692279, 0.096351, 0.574227, -0.409824, 0.708739, 0.058239, 0.459009, 0.877993, 0.135802, 0.033029, 0.0, 0.0, 0.0, 1.0],
                [-0.675997, 0.251015, 0.692837, 0.096351, 0.571581, -0.414814, 0.707974, 0.058239, 0.465111, 0.874598, 0.136938, 0.033028, 0.0, 0.0, 0.0, 1.0],
                [-0.673476, 0.254936, 0.69386, 0.096351, 0.568906, -0.420588, 0.706722, 0.058238, 0.471998, 0.870699, 0.138221, 0.033029, 0.0, 0.0, 0.0, 1.0],
                [-0.670346, 0.260006, 0.695008, 0.09635, 0.565821, -0.426863, 0.705434, 0.058239, 0.480091, 0.866133, 0.139028, 0.033028, 0.0, 0.0, 0.0, 1.0],
                [-0.666619, 0.267256, 0.695843, 0.096351, 0.561686, -0.433599, 0.70463, 0.058238, 0.490033, 0.860563, 0.138931, 0.033029, 0.0, 0.0, 0.0, 1.0],
                [-0.663107, 0.274507, 0.696375, 0.096351, 0.556745, -0.440972, 0.703976, 0.058239, 0.500328, 0.854513, 0.139581, 0.033028, 0.0, 0.0, 0.0, 1.0],
                [-0.660233, 0.282718, 0.695821, 0.096351, 0.54989, -0.449087, 0.704233, 0.058239, 0.511584, 0.847581, 0.141038, 0.033028, 0.0, 0.0, 0.0, 1.0],
                [-0.657599, 0.291924, 0.694512, 0.096351, 0.541385, -0.457963, 0.705106, 0.058239, 0.523898, 0.839674, 0.143112, 0.033028, 0.0, 0.0, 0.0, 1.0],
                [-0.656179, 0.299842, 0.692479, 0.096351, 0.531582, -0.46765, 0.706206, 0.058238, 0.535588, 0.831505, 0.147471, 0.033029, 0.0, 0.0, 0.0, 1.0],
                [-0.658345, 0.303787, 0.688693, 0.096352, 0.520395, -0.477369, 0.708033, 0.058238, 0.543852, 0.824521, 0.156184, 0.033029, 0.0, 0.0, 0.0, 1.0],
                [-0.661015, 0.308196, 0.684162, 0.096351, 0.508346, -0.486732, 0.710407, 0.058238, 0.551949, 0.817379, 0.165066, 0.033028, 0.0, 0.0, 0.0, 1.0],
                [-0.666985, 0.309522, 0.677739, 0.096351, 0.496085, -0.494197, 0.713912, 0.058238, 0.555909, 0.812383, 0.176072, 0.033028, 0.0, 0.0, 0.0, 1.0],
                [-0.675632, 0.308603, 0.669544, 0.096351, 0.484629, -0.498476, 0.71879, 0.058239, 0.555572, 0.810116, 0.187228, 0.033028, 0.0, 0.0, 0.0, 1.0],
                [-0.684883, 0.308449, 0.660151, 0.096351, 0.475226, -0.497699, 0.725575, 0.058238, 0.552359, 0.810652, 0.194282, 0.033028, 0.0, 0.0, 0.0, 1.0],
                [-0.695214, 0.305265, 0.650765, 0.096351, 0.4708, -0.490744, 0.733158, 0.058238, 0.543166, 0.81608, 0.197453, 0.033028, 0.0, 0.0, 0.0, 1.0],
                [-0.704383, 0.302987, 0.641909, 0.096351, 0.47111, -0.476881, 0.742053, 0.058239, 0.530946, 0.825098, 0.193166, 0.033028, 0.0, 0.0, 0.0, 1.0],
                [-0.715301, 0.300016, 0.631141, 0.096351, 0.473563, -0.456052, 0.753497, 0.058238, 0.513894, 0.83786, 0.184138, 0.033028, 0.0, 0.0, 0.0, 1.0],
                [-0.732566, 0.290522, 0.615588, 0.096351, 0.475856, -0.428087, 0.768313, 0.058238, 0.486737, 0.855769, 0.175355, 0.033028, 0.0, 0.0, 0.0, 1.0],
                [-0.743359, 0.285027, 0.605129, 0.096351, 0.480549, -0.401732, 0.779543, 0.058239, 0.465291, 0.870272, 0.161661, 0.033028, 0.0, 0.0, 0.0, 1.0],
                [-0.750149, 0.279644, 0.599232, 0.096351, 0.487537, -0.378331, 0.786878, 0.058238, 0.446754, 0.882421, 0.147467, 0.033029, 0.0, 0.0, 0.0, 1.0],
                [-0.760259, 0.272126, 0.589879, 0.096351, 0.493468, -0.348636, 0.796835, 0.058239, 0.422493, 0.896885, 0.130768, 0.033027, 0.0, 0.0, 0.0, 1.0],
                [-0.764811, 0.266917, 0.586364, 0.096351, 0.503133, -0.321015, 0.802377, 0.058239, 0.4024, 0.908684, 0.11122, 0.033028, 0.0, 0.0, 0.0, 1.0],
                [-0.767383, 0.262614, 0.584946, 0.096351, 0.513318, -0.295061, 0.805883, 0.058238, 0.384231, 0.918681, 0.09162, 0.033029, 0.0, 0.0, 0.0, 1.0],
                [-0.76876, 0.25864, 0.584907, 0.096351, 0.523834, -0.270025, 0.807891, 0.058238, 0.366893, 0.927466, 0.072099, 0.033028, 0.0, 0.0, 0.0, 1.0],
                [-0.769768, 0.253639, 0.585771, 0.096351, 0.53469, -0.245041, 0.808743, 0.058238, 0.348666, 0.935748, 0.053006, 0.033029, 0.0, 0.0, 0.0, 1.0],
                [-0.770767, 0.248192, 0.58679, 0.096351, 0.544701, -0.221047, 0.808976, 0.058239, 0.33049, 0.943155, 0.035185, 0.033027, 0.0, 0.0, 0.0, 1.0],
                [-0.767802, 0.247619, 0.590906, 0.096351, 0.556056, -0.200598, 0.806577, 0.058238, 0.318258, 0.947865, 0.016329, 0.033028, 0.0, 0.0, 0.0, 1.0],
                [-0.760783, 0.247191, 0.600092, 0.096351, 0.570197, -0.187052, 0.799932, 0.058238, 0.309984, 0.950742, 0.001358, 0.033029, 0.0, 0.0, 0.0, 1.0],
                [-0.747465, 0.249238, 0.615777, 0.096351, 0.588294, -0.18221, 0.787853, 0.058238, 0.308564, 0.951148, -0.01043, 0.033028, 0.0, 0.0, 0.0, 1.0],
