{
    "animation": [
        {
            "name": "Root",
            "time": [0.0, 0.0417, 0.0833, 0.125, 0.1667, 0.2083, 0.25, 0.2917, 0.3333, 0.375, 0.4167, 0.4583, 0.5, 0.5417, 0.5833, 0.625, 0.6667, 0.7083, 0.75, 0.7917, 0.8333, 0.875, 0.9167, 0.9583, 1.0, 1.0417, 1.0833, 1.125, 1.1667, 1.2083, 1.25, 1.2917, 1.3333, 1.375, 1.4167, 1.4583, 1.5, 1.5417, 1.5833, 1.625, 1.6667, 1.7083, 1.75, 1.7917, 1.8333, 1.875, 1.9167, 1.9583, 2.0, 2.0417, 2.0833, 2.125, 2.1667, 2.2083, 2.25, 2.2917, 2.3333, 2.375, 2.4167, 2.4583, 2.5, 2.5417, 2.5833, 2.625, 2.6667, 2.7083, 2.75, 2.7917, 2.8333, 2.875, 2.9167, 2.9583, 3.0, 3.0417, 3.0833, 3.125, 3.1667, 3.2083, 3.25, 3.2917, 3.3333, 3.375, 3.4167, 3.4583, 3.5, 3.5417, 3.5833, 3.625, 3.6667, 3.7083, 3.75, 3.7917, 3.8333, 3.875, 3.9167, 3.9583, 4.0, 4.0417, 4.0833, 4.125, 4.1667, 4.2083, 4.25, 4.2917, 4.3333, 4.375, 4.4167, 4.4583, 4.5, 4.5417, 4.5833, 4.625, 4.6667, 4.7083, 4.75, 4.7917, 4.8333, 4.875, 4.9167, 4.9583, 5.0, 5.0417, 5.0833, 5.125, 5.1667, 5.2083, 5.25, 5.2917, 5.3333, 5.375, 5.4167],
            "transform": [
                [-1.0, 0.0, -0.0, -2.2e-05, -0.0, -0.0, 1.0, 0.00029, 0.0, 1.0, 0.0, 0.410164, 0.0, 0.0, 0.0, 1.0],
                [-1.0, 0.0, -0.0, 0.006335, -0.0, -0.0, 1.0, -0.035817, 0.0, 1.0, 0.0, 0.410164, 0.0, 0.0, 0.0, 1.0],
                [-1.0, 0.0, -0.0, 0.012047, -0.0, -0.0, 1.0, -0.049576, 0.0, 1.0, 0.0, 0.410164, 0.0, 0.0, 0.0, 1.0],
                [-1.0, 0.0, -0.0, 0.016942, -0.0, -0.0, 1.0, -0.032065, 0.0, 1.0, 0.0, 0.410164, 0.0, 0.0, 0.0, 1.0],
                [-1.0, 0.0, -0.0, 0.020969, -0.0, -0.0, 1.0, 0.00796, 0.0, 1.0, 0.0, 0.410164, 0.0, 0.0, 0.0, 1.0],
                [-1.0, 0.0, -0.0, 0.024054, -0.0, -0.0, 1.0, 0.055506, 0.0, 1.0, 0.0, 0.410164, 0.0, 0.0, 0.0, 1.0],
                [-1.0, 0.0, -0.0, 0.02615, -0.0, -0.0, 1.0, 0.098344, 0.0, 1.0, 0.0, 0.410164, 0.0, 0.0, 0.0, 1.0],
                [-1.0, 0.0, -0.0, 0.027278, -0.0, -0.0, 1.0, 0.126245, 0.0, 1.0, 0.0, 0.410164, 0.0, 0.0, 0.0, 1.0],
                [-1.0, 0.0, -0.0, 0.027456, -0.0, -0.0, 1.0, 0.146235, 0.0, 1.0, 0.0, 0.410164, 0.0, 0.0, 0.0, 1.0],
                [-1.0, 0.0, -0.0, 0.027036, -0.0, -0.0, 1.0, 0.161899, 0.0, 1.0, 0.0, 0.410164, 0.0, 0.0, 0.0, 1.0],
                [-1.0, 0.0, -0.0, 0.025598, -0.0, -0.0, 1.0, 0.169556, 0.0, 1.0, 0.0, 0.410164, 0.0, 0.0, 0.0, 1.0],
                [-1.0, 0.0, -0.0, 0.023072, -0.0, -0.0, 1.0, 0.178237, 0.0, 1.0, 0.0, 0.410164, 0.0, 0.0, 0.0, 1.0],
                [-1.0, 0.0, -0.0, 0.019783, -0.0, -0.0, 1.0, 0.199056, 0.0, 1.0, 0.0, 0.410164, 0.0, 0.0, 0.0, 1.0],
                [-1.0, 0.0, -0.0, 0.016212, -0.0, -0.0, 1.0, 0.237113, 0.0, 1.0, 0.0, 0.410164, 0.0, 0.0, 0.0, 1.0],
                [-1.0, 0.0, -0.0, 0.011289, -0.0, -0.0, 1.0, 0.312159, 0.0, 1.0, 0.0, 0.410164, 0.0, 0.0, 0.0, 1.0],
                [-1.0, 0.0, -0.0, -0.000818, -0.0, -0.0, 1.0, 0.4322, 0.0, 1.0, 0.0, 0.410164, 0.0, 0.0, 0.0, 1.0],
                [-1.0, 0.0, -0.0, -0.017311, -0.0, -0.0, 1.0, 0.566888, 0.0, 1.0, 0.0, 0.410164, 0.0, 0.0, 0.0, 1.0],
                [-1.0, 0.0, -0.0, -0.020687, -0.0, -0.0, 1.0, 0.7154, 0.0, 1.0, 0.0, 0.410164, 0.0, 0.0, 0.0, 1.0],
                [-1.0, 0.0, -0.0, -0.013095, -0.0, -0.0, 1.0, 0.876782, 0.0, 1.0, 0.0, 0.410164, 0.0, 0.0, 0.0, 1.0],
                [-1.0, 0.0, -0.0, -0.003363, -0.0, -0.0, 1.0, 1.051132, 0.0, 1.0, 0.0, 0.410164, 0.0, 0.0, 0.0, 1.0],
                [-1.0, 0.0, -0.0, 0.008026, -0.0, -0.0, 1.0, 1.250597, 0.0, 1.0, 0.0, 0.410164, 0.0, 0.0, 0.0, 1.0],
                [-1.0, 0.0, -0.0, 0.020608, -0.0, -0.0, 1.0, 1.460627, 0.0, 1.0, 0.0, 0.410165, 0.0, 0.0, 0.0, 1.0],
                [-1.0, 0.0, -0.0, 0.033933, -0.0, -0.0, 1.0, 1.640079, 0.0, 1.0, 0.0, 0.410165, 0.0, 0.0, 0.0, 1.0],
                [-1.0, 0.0, -0.0, 0.04753, -0.0, -0.0, 1.0, 1.699853, 0.0, 1.0, 0.0, 0.410165, 0.0, 0.0, 0.0, 1.0],
                [-1.0, 0.0, -0.0, 0.060076, -0.0, -0.0, 1.0, 1.744743, 0.0, 1.0, 0.0, 0.410165, 0.0, 0.0, 0.0, 1.0],
                [-1.0, 0.0, -0.0, 0.073635, -0.0, -0.0, 1.0, 1.782337, 0.0, 1.0, 0.0, 0.410165, 0.0, 0.0, 0.0, 1.0],
                [-1.0, 0.0, -0.0, 0.090698, -0.0, -0.0, 1.0, 1.817194, 0.0, 1.0, 0.0, 0.410165, 0.0, 0.0, 0.0, 1.0],
                [-1.0, 0.0, -0.0, 0.104493, -0.0, -0.0, 1.0, 1.844711, 0.0, 1.0, 0.0, 0.410165, 0.0, 0.0, 0.0, 1.0],
                [-1.0, 0.0, -0.0, 0.105878, -0.0, -0.0, 1.0, 1.868536, 0.0, 1.0, 0.0, 0.410165, 0.0, 0.0, 0.0, 1.0],
                [-1.0, 0.0, -0.0, 0.106678, -0.0, -0.0, 1.0, 1.890952, 0.0, 1.0, 0.0, 0.410165, 0.0, 0.0, 0.0, 1.0],
                [-1.0, 0.0, -0.0, 0.107032, -0.0, -0.0, 1.0, 1.911865, 0.0, 1.0, 0.0, 0.410165, 0.0, 0.0, 0.0, 1.0],
                [-1.0, 0.0, -0.0, 0.107287, -0.0, -0.0, 1.0, 1.931733, 0.0, 1.0, 0.0, 0.410165, 0.0, 0.0, 0.0, 1.0],
                [-1.0, 0.0, -0.0, 0.107746, -0.0, -0.0, 1.0, 1.951224, 0.0, 1.0, 0.0, 0.410165, 0.0, 0.0, 0.0, 1.0],
                [-1.0, 0.0, -0.0, 0.108426, -0.0, -0.0, 1.0, 1.970469, 0.0, 1.0, 0.0, 0.410165, 0.0, 0.0, 0.0, 1.0],
                [-1.0, 0.0, -0.0, 0.109211, -0.0, -0.0, 1.0, 1.989129, 0.0, 1.0, 0.0, 0.410165, 0.0, 0.0, 0.0, 1.0],
                [-1.0, 0.0, -0.0, 0.109999, -0.0, -0.0, 1.0, 2.007047, 0.0, 1.0, 0.0, 0.410165, 0.0, 0.0, 0.0, 1.0],
                [-1.0, 0.0, -0.0, 0.110648, -0.0, -0.0, 1.0, 2.024218, 0.0, 1.0, 0.0, 0.410165, 0.0, 0.0, 0.0, 1.0],
                [-1.0, 0.0, -0.0, 0.11105, -0.0, -0.0, 1.0, 2.040824, 0.0, 1.0, 0.0, 0.410165, 0.0, 0.0, 0.0, 1.0],
                [-1.0, 0.0, -0.0, 0.111021, -0.0, -0.0, 1.0, 2.057111, 0.0, 1.0, 0.0, 0.410165, 0.0, 0.0, 0.0, 1.0],
                [-1.0, 0.0, -0.0, 0.110992, -0.0, -0.0, 1.0, 2.073248, 0.0, 1.0, 0.0, 0.410165, 0.0, 0.0, 0.0, 1.0],
                [-1.0, 0.0, -0.0, 0.110559, -0.0, -0.0, 1.0, 2.086603, 0.0, 1.0, 0.0, 0.410165, 0.0, 0.0, 0.0, 1.0],
                [-1.0, 0.0, -0.0, 0.11003, -0.0, -0.0, 1.0, 2.097601, 0.0, 1.0, 0.0, 0.410165, 0.0, 0.0, 0.0, 1.0],
                [-1.0, 0.0, -0.0, 0.109494, -0.0, -0.0, 1.0, 2.102896, 0.0, 1.0, 0.0, 0.410165, 0.0, 0.0, 0.0, 1.0],
                [-1.0, 0.0, -0.0, 0.109117, -0.0, -0.0, 1.0, 2.102662, 0.0, 1.0, 0.0, 0.410165, 0.0, 0.0, 0.0, 1.0],
                [-1.0, 0.0, -0.0, 0.108831, -0.0, -0.0, 1.0, 2.102429, 0.0, 1.0, 0.0, 0.410165, 0.0, 0.0, 0.0, 1.0],
                [-1.0, 0.0, -0.0, 0.108542, -0.0, -0.0, 1.0, 2.102196, 0.0, 1.0, 0.0, 0.410165, 0.0, 0.0, 0.0, 1.0],
                [-1.0, 0.0, -0.0, 0.10816, -0.0, -0.0, 1.0, 2.101962, 0.0, 1.0, 0.0, 0.410165, 0.0, 0.0, 0.0, 1.0],
                [-1.0, 0.0, -0.0, 0.107754, -0.0, -0.0, 1.0, 2.101729, 0.0, 1.0, 0.0, 0.410165, 0.0, 0.0, 0.0, 1.0],
                [-1.0, 0.0, -0.0, 0.107413, -0.0, -0.0, 1.0, 2.101495, 0.0, 1.0, 0.0, 0.410165, 0.0, 0.0, 0.0, 1.0],
                [-1.0, 0.0, -0.0, 0.10713, -0.0, -0.0, 1.0, 2.101262, 0.0, 1.0, 0.0, 0.410165, 0.0, 0.0, 0.0, 1.0],
                [-1.0, 0.0, -0.0, 0.106894, -0.0, -0.0, 1.0, 2.101028, 0.0, 1.0, 0.0, 0.410165, 0.0, 0.0, 0.0, 1.0],
                [-1.0, 0.0, -0.0, 0.106696, -0.0, -0.0, 1.0, 2.100795, 0.0, 1.0, 0.0, 0.410165, 0.0, 0.0, 0.0, 1.0],
                [-1.0, 0.0, -0.0, 0.106497, -0.0, -0.0, 1.0, 2.100562, 0.0, 1.0, 0.0, 0.410165, 0.0, 0.0, 0.0, 1.0],
                [-1.0, 0.0, -0.0, 0.106293, -0.0, -0.0, 1.0, 2.100328, 0.0, 1.0, 0.0, 0.410165, 0.0, 0.0, 0.0, 1.0],
                [-1.0, 0.0, -0.0, 0.106051, -0.0, -0.0, 1.0, 2.100095, 0.0, 1.0, 0.0, 0.410165, 0.0, 0.0, 0.0, 1.0],
                [-1.0, 0.0, -0.0, 0.105743, -0.0, -0.0, 1.0, 2.099861, 0.0, 1.0, 0.0, 0.410165, 0.0, 0.0, 0.0, 1.0],
                [-1.0, 0.0, -0.0, 0.105344, -0.0, -0.0, 1.0, 2.099628, 0.0, 1.0, 0.0, 0.410165, 0.0, 0.0, 0.0, 1.0],
                [-1.0, 0.0, -0.0, 0.104833, -0.0, -0.0, 1.0, 2.099395, 0.0, 1.0, 0.0, 0.410165, 0.0, 0.0, 0.0, 1.0],
                [-1.0, 0.0, -0.0, 0.104192, -0.0, -0.0, 1.0, 2.099161, 0.0, 1.0, 0.0, 0.410165, 0.0, 0.0, 0.0, 1.0],
                [-1.0, 0.0, -0.0, 0.103412, -0.0, -0.0, 1.0, 2.098927, 0.0, 1.0, 0.0, 0.410165, 0.0, 0.0, 0.0, 1.0],
                [-1.0, 0.0, -0.0, 0.10249, -0.0, -0.0, 1.0, 2.098694, 0.0, 1.0, 0.0, 0.410165, 0.0, 0.0, 0.0, 1.0],
                [-1.0, 0.0, -0.0, 0.101424, -0.0, -0.0, 1.0, 2.098093, 0.0, 1.0, 0.0, 0.410165, 0.0, 0.0, 0.0, 1.0],
                [-1.0, 0.0, -0.0, 0.100221, -0.0, -0.0, 1.0, 2.097493, 0.0, 1.0, 0.0, 0.410165, 0.0, 0.0, 0.0, 1.0],
                [-1.0, 0.0, -0.0, 0.098887, -0.0, -0.0, 1.0, 2.096892, 0.0, 1.0, 0.0, 0.410165, 0.0, 0.0, 0.0, 1.0],
                [-1.0, 0.0, -0.0, 0.097309, -0.0, -0.0, 1.0, 2.096291, 0.0, 1.0, 0.0, 0.410165, 0.0, 0.0, 0.0, 1.0],
                [-1.0, 0.0, -0.0, 0.095341, -0.0, -0.0, 1.0, 2.09569, 0.0, 1.0, 0.0, 0.410165, 0.0, 0.0, 0.0, 1.0],
                [-1.0, 0.0, -0.0, 0.09295, -0.0, -0.0, 1.0, 2.09509, 0.0, 1.0, 0.0, 0.410165, 0.0, 0.0, 0.0, 1.0],
                [-1.0, 0.0, -0.0, 0.090109, -0.0, -0.0, 1.0, 2.094489, 0.0, 1.0, 0.0, 0.410165, 0.0, 0.0, 0.0, 1.0],
                [-1.0, 0.0, -0.0, 0.086813, -0.0, -0.0, 1.0, 2.092974, 0.0, 1.0, 0.0, 0.410165, 0.0, 0.0, 0.0, 1.0],
                [-1.0, 0.0, -0.0, 0.08308, -0.0, -0.0, 1.0, 2.091459, 0.0, 1.0, 0.0, 0.410165, 0.0, 0.0, 0.0, 1.0],
                [-1.0, 0.0, -0.0, 0.078956, -0.0, -0.0, 1.0, 2.089944, 0.0, 1.0, 0.0, 0.410165, 0.0, 0.0, 0.0, 1.0],
                [-1.0, 0.0, -0.0, 0.074509, -0.0, -0.0, 1.0, 2.088428, 0.0, 1.0, 0.0, 0.410165, 0.0, 0.0, 0.0, 1.0],
                [-1.0, 0.0, -0.0, 0.069823, -0.0, -0.0, 1.0, 2.086047, 0.0, 1.0, 0.0, 0.410165, 0.0, 0.0, 0.0, 1.0],
                [-1.0, 0.0, -0.0, 0.064983, -0.0, -0.0, 1.0, 2.083666, 0.0, 1.0, 0.0, 0.410165, 0.0, 0.0, 0.0, 1.0],
                [-1.0, 0.0, -0.0, 0.060066, -0.0, -0.0, 1.0, 2.080605, 0.0, 1.0, 0.0, 0.410165, 0.0, 0.0, 0.0, 1.0],
                [-1.0, 0.0, -0.0, 0.054431, -0.0, -0.0, 1.0, 2.077544, 0.0, 1.0, 0.0, 0.410165, 0.0, 0.0, 0.0, 1.0],
                [-1.0, 0.0, -0.0, 0.047396, -0.0, -0.0, 1.0, 2.071396, 0.0, 1.0, 0.0, 0.410165, 0.0, 0.0, 0.0, 1.0],
                [-1.0, 0.0, -0.0, 0.03986, -0.0, -0.0, 1.0, 2.061949, 0.0, 1.0, 0.0, 0.410165, 0.0, 0.0, 0.0, 1.0],
                [-1.0, 0.0, -0.0, 0.030776, -0.0, -0.0, 1.0, 2.048685, 0.0, 1.0, 0.0, 0.410165, 0.0, 0.0, 0.0, 1.0],
                [-1.0, 0.0, -0.0, 0.020303, -0.0, -0.0, 1.0, 2.033679, 0.0, 1.0, 0.0, 0.410165, 0.0, 0.0, 0.0, 1.0],
                [-1.0, 0.0, -0.0, 0.008823, -0.0, -0.0, 1.0, 2.017573, 0.0, 1.0, 0.0, 0.410165, 0.0, 0.0, 0.0, 1.0],
                [-1.0, 0.0, -0.0, -0.003409, -0.0, -0.0, 1.0, 2.000154, 0.0, 1.0, 0.0, 0.410165, 0.0, 0.0, 0.0, 1.0],
                [-1.0, 0.0, -0.0, -0.015817, -0.0, -0.0, 1.0, 1.981505, 0.0, 1.0, 0.0, 0.410165, 0.0, 0.0, 0.0, 1.0],
                [-1.0, 0.0, -0.0, -0.027776, -0.0, -0.0, 1.0, 1.962017, 0.0, 1.0, 0.0, 0.410165, 0.0, 0.0, 0.0, 1.0],
                [-1.0, 0.0, -0.0, -0.038942, -0.0, -0.0, 1.0, 1.942139, 0.0, 1.0, 0.0, 0.410165, 0.0, 0.0, 0.0, 1.0],
                [-1.0, 0.0, -0.0, -0.049783, -0.0, -0.0, 1.0, 1.921786, 0.0, 1.0, 0.0, 0.410165, 0.0, 0.0, 0.0, 1.0],
                [-1.0, 0.0, -0.0, -0.059985, -0.0, -0.0, 1.0, 1.899768, 0.0, 1.0, 0.0, 0.410165, 0.0, 0.0, 0.0, 1.0],
                [-1.0, 0.0, -0.0, -0.068473, -0.0, -0.0, 1.0, 1.875684, 0.0, 1.0, 0.0, 0.410165, 0.0, 0.0, 0.0, 1.0],
                [-1.0, 0.0, -0.0, -0.075453, -0.0, -0.0, 1.0, 1.850372, 0.0, 1.0, 0.0, 0.410165, 0.0, 0.0, 0.0, 1.0],
                [-1.0, 0.0, -0.0, -0.081008, -0.0, -0.0, 1.0, 1.823657, 0.0, 1.0, 0.0, 0.410165, 0.0, 0.0, 0.0, 1.0],
                [-1.0, 0.0, -0.0, -0.085649, -0.0, -0.0, 1.0, 1.795236, 0.0, 1.0, 0.0, 0.410165, 0.0, 0.0, 0.0, 1.0],
                [-1.0, 0.0, -0.0, -0.09032, -0.0, -0.0, 1.0, 1.765616, 0.0, 1.0, 0.0, 0.410165, 0.0, 0.0, 0.0, 1.0],
                [-1.0, 0.0, -0.0, -0.09519, -0.0, -0.0, 1.0, 1.736285, 0.0, 1.0, 0.0, 0.410165, 0.0, 0.0, 0.0, 1.0],
                [-1.0, 0.0, -0.0, -0.099834, -0.0, -0.0, 1.0, 1.70673, 0.0, 1.0, 0.0, 0.410165, 0.0, 0.0, 0.0, 1.0],
                [-1.0, 0.0, -0.0, -0.104004, -0.0, -0.0, 1.0, 1.673796, 0.0, 1.0, 0.0, 0.410165, 0.0, 0.0, 0.0, 1.0],
                [-1.0, 0.0, -0.0, -0.107676, -0.0, -0.0, 1.0, 1.635932, 0.0, 1.0, 0.0, 0.410165, 0.0, 0.0, 0.0, 1.0],
                [-1.0, 0.0, -0.0, -0.111324, -0.0, -0.0, 1.0, 1.593312, 0.0, 1.0, 0.0, 0.410165, 0.0, 0.0, 0.0, 1.0],
                [-1.0, 0.0, -0.0, -0.115046, -0.0, -0.0, 1.0, 1.545773, 0.0, 1.0, 0.0, 0.410165, 0.0, 0.0, 0.0, 1.0],
                [-1.0, 0.0, -0.0, -0.11818, -0.0, -0.0, 1.0, 1.495016, 0.0, 1.0, 0.0, 0.410165, 0.0, 0.0, 0.0, 1.0],
                [-1.0, 0.0, -0.0, -0.120109, -0.0, -0.0, 1.0, 1.444435, 0.0, 1.0, 0.0, 0.410165, 0.0, 0.0, 0.0, 1.0],
                [-1.0, 0.0, -0.0, -0.120707, -0.0, -0.0, 1.0, 1.39664, 0.0, 1.0, 0.0, 0.410164, 0.0, 0.0, 0.0, 1.0],
                [-1.0, 0.0, -0.0, -0.119035, -0.0, -0.0, 1.0, 1.353361, 0.0, 1.0, 0.0, 0.410164, 0.0, 0.0, 0.0, 1.0],
                [-1.0, 0.0, -0.0, -0.115533, -0.0, -0.0, 1.0, 1.308231, 0.0, 1.0, 0.0, 0.410164, 0.0, 0.0, 0.0, 1.0],
                [-1.0, 0.0, -0.0, -0.112442, -0.0, -0.0, 1.0, 1.254388, 0.0, 1.0, 0.0, 0.410164, 0.0, 0.0, 0.0, 1.0],
                [-1.0, 0.0, -0.0, -0.10821, -0.0, -0.0, 1.0, 1.199875, 0.0, 1.0, 0.0, 0.410164, 0.0, 0.0, 0.0, 1.0],
                [-1.0, 0.0, -0.0, -0.102159, -0.0, -0.0, 1.0, 1.150566, 0.0, 1.0, 0.0, 0.410164, 0.0, 0.0, 0.0, 1.0],
                [-1.0, 0.0, -0.0, -0.095239, -0.0, -0.0, 1.0, 1.10689, 0.0, 1.0, 0.0, 0.410164, 0.0, 0.0, 0.0, 1.0],
                [-1.0, 0.0, -0.0, -0.088312, -0.0, -0.0, 1.0, 1.068826, 0.0, 1.0, 0.0, 0.410164, 0.0, 0.0, 0.0, 1.0],
                [-1.0, 0.0, -0.0, -0.081982, -0.0, -0.0, 1.0, 1.037012, 0.0, 1.0, 0.0, 0.410164, 0.0, 0.0, 0.0, 1.0],
                [-1.0, 0.0, -0.0, -0.077536, -0.0, -0.0, 1.0, 1.011865, 0.0, 1.0, 0.0, 0.410164, 0.0, 0.0, 0.0, 1.0],
                [-1.0, 0.0, -0.0, -0.074103, -0.0, -0.0, 1.0, 0.994519, 0.0, 1.0, 0.0, 0.410164, 0.0, 0.0, 0.0, 1.0],
                [-1.0, 0.0, -0.0, -0.070635, -0.0, -0.0, 1.0, 0.985237, 0.0, 1.0, 0.0, 0.410164, 0.0, 0.0, 0.0, 1.0],
                [-1.0, 0.0, -0.0, -0.064682, -0.0, -0.0, 1.0, 0.98098, 0.0, 1.0, 0.0, 0.410164, 0.0, 0.0, 0.0, 1.0],
                [-1.0, 0.0, -0.0, -0.05747, -0.0, -0.0, 1.0, 0.978585, 0.0, 1.0, 0.0, 0.410164, 0.0, 0.0, 0.0, 1.0],
                [-1.0, 0.0, -0.0, -0.049842, -0.0, -0.0, 1.0, 0.977509, 0.0, 1.0, 0.0, 0.410164, 0.0, 0.0, 0.0, 1.0],
                [-1.0, 0.0, -0.0, -0.042415, -0.0, -0.0, 1.0, 0.976433, 0.0, 1.0, 0.0, 0.410164, 0.0, 0.0, 0.0, 1.0],
                [-1.0, 0.0, -0.0, -0.035648, -0.0, -0.0, 1.0, 0.975286, 0.0, 1.0, 0.0, 0.410164, 0.0, 0.0, 0.0, 1.0],
                [-1.0, 0.0, -0.0, -0.029883, -0.0, -0.0, 1.0, 0.974139, 0.0, 1.0, 0.0, 0.410164, 0.0, 0.0, 0.0, 1.0],
                [-1.0, 0.0, -0.0, -0.02538, -0.0, -0.0, 1.0, 0.972992, 0.0, 1.0, 0.0, 0.410164, 0.0, 0.0, 0.0, 1.0],
                [-1.0, 0.0, -0.0, -0.021871, -0.0, -0.0, 1.0, 0.970968, 0.0, 1.0, 0.0, 0.410164, 0.0, 0.0, 0.0, 1.0],
                [-1.0, 0.0, -0.0, -0.019054, -0.0, -0.0, 1.0, 0.968787, 0.0, 1.0, 0.0, 0.410164, 0.0, 0.0, 0.0, 1.0],
                [-1.0, 0.0, -0.0, -0.017047, -0.0, -0.0, 1.0, 0.966496, 0.0, 1.0, 0.0, 0.410164, 0.0, 0.0, 0.0, 1.0],
                [-1.0, 0.0, -0.0, -0.015842, -0.0, -0.0, 1.0, 0.964185, 0.0, 1.0, 0.0, 0.410164, 0.0, 0.0, 0.0, 1.0],
                [-1.0, 0.0, -0.0, -0.015267, -0.0, -0.0, 1.0, 0.961963, 0.0, 1.0, 0.0, 0.410164, 0.0, 0.0, 0.0, 1.0],
                [-1.0, 0.0, -0.0, -0.01506, -0.0, -0.0, 1.0, 0.959908, 0.0, 1.0, 0.0, 0.410164, 0.0, 0.0, 0.0, 1.0],
                [-1.0, 0.0, -0.0, -0.014985, -0.0, -0.0, 1.0, 0.958038, 0.0, 1.0, 0.0, 0.410164, 0.0, 0.0, 0.0, 1.0],
                [-1.0, 0.0, -0.0, -0.014927, -0.0, -0.0, 1.0, 0.956168, 0.0, 1.0, 0.0, 0.410164, 0.0, 0.0, 0.0, 1.0],
                [-1.0, 0.0, -0.0, -0.014887, -0.0, -0.0, 1.0, 0.954197, 0.0, 1.0, 0.0, 0.410164, 0.0, 0.0, 0.0, 1.0],
                [-1.0, 0.0, -0.0, -0.014887, -0.0, -0.0, 1.0, 0.952817, 0.0, 1.0, 0.0, 0.410164, 0.0, 0.0, 0.0, 1.0],
                [-1.0, 0.0, -0.0, -0.014887, -0.0, -0.0, 1.0, 0.951437, 0.0, 1.0, 0.0, 0.410164, 0.0, 0.0, 0.0, 1.0],
                [-1.0, 0.0, -0.0, -0.014887, -0.0, -0.0, 1.0, 0.951437, 0.0, 1.0, 0.0, 0.410164, 0.0, 0.0, 0.0, 1.0]
            ]
        },
        {
            "name": "Thigh_R",
            "time": [0.0, 0.0417, 0.0833, 0.125, 0.1667, 0.2083, 0.25, 0.2917, 0.3333, 0.375, 0.4167, 0.4583, 0.5, 0.5417, 0.5833, 0.625, 0.6667, 0.7083, 0.75, 0.7917, 0.8333, 0.875, 0.9167, 0.9583, 1.0, 1.0417, 1.0833, 1.125, 1.1667, 1.2083, 1.25, 1.2917, 1.3333, 1.375, 1.4167, 1.4583, 1.5, 1.5417, 1.5833, 1.625, 1.6667, 1.7083, 1.75, 1.7917, 1.8333, 1.875, 1.9167, 1.9583, 2.0, 2.0417, 2.0833, 2.125, 2.1667, 2.2083, 2.25, 2.2917, 2.3333, 2.375, 2.4167, 2.4583, 2.5, 2.5417, 2.5833, 2.625, 2.6667, 2.7083, 2.75, 2.7917, 2.8333, 2.875, 2.9167, 2.9583, 3.0, 3.0417, 3.0833, 3.125, 3.1667, 3.2083, 3.25, 3.2917, 3.3333, 3.375, 3.4167, 3.4583, 3.5, 3.5417, 3.5833, 3.625, 3.6667, 3.7083, 3.75, 3.7917, 3.8333, 3.875, 3.9167, 3.9583, 4.0, 4.0417, 4.0833, 4.125, 4.1667, 4.2083, 4.25, 4.2917, 4.3333, 4.375, 4.4167, 4.4583, 4.5, 4.5417, 4.5833, 4.625, 4.6667, 4.7083, 4.75, 4.7917, 4.8333, 4.875, 4.9167, 4.9583, 5.0, 5.0417, 5.0833, 5.125, 5.1667, 5.2083, 5.25, 5.2917, 5.3333, 5.375, 5.4167],
            "transform": [
                [-0.84033, -0.033968, 0.541013, 0.096351, 0.465358, -0.55706, 0.687843, 0.058238, 0.278012, 0.829779, 0.483921, 0.033027, 0.0, 0.0, 0.0, 1.0],
                [-0.809062, -0.008925, 0.587659, 0.096351, 0.503101, -0.527415, 0.684635, 0.058238, 0.303831, 0.849562, 0.431201, 0.033027, 0.0, 0.0, 0.0, 1.0],
                [-0.766008, 0.01886, 0.642556, 0.096351, 0.548599, -0.501838, 0.668729, 0.058238, 0.335071, 0.864757, 0.374065, 0.033027, 0.0, 0.0, 0.0, 1.0],
                [-0.715633, 0.034931, 0.697604, 0.096351, 0.594579, -0.493641, 0.634662, 0.058238, 0.366535, 0.868965, 0.332495, 0.033027, 0.0, 0.0, 0.0, 1.0],
                [-0.661735, 0.048771, 0.748152, 0.096351, 0.635271, -0.493481, 0.594061, 0.058238, 0.398172, 0.868389, 0.29557, 0.033027, 0.0, 0.0, 0.0, 1.0],
                [-0.593693, 0.056891, 0.802679, 0.096351, 0.677786, -0.50232, 0.53692, 0.058238, 0.433748, 0.862809, 0.259664, 0.033027, 0.0, 0.0, 0.0, 1.0],
                [-0.514223, 0.048549, 0.856282, 0.096351, 0.7169, -0.5237, 0.460212, 0.058238, 0.470778, 0.850519, 0.234493, 0.033027, 0.0, 0.0, 0.0, 1.0],
                [-0.441782, 0.034521, 0.896458, 0.096351, 0.740726, -0.549704, 0.386203, 0.058238, 0.506119, 0.834646, 0.217278, 0.033027, 0.0, 0.0, 0.0, 1.0],
                [-0.379834, 0.021339, 0.924809, 0.096351, 0.750595, -0.577221, 0.3216, 0.058238, 0.540682, 0.816311, 0.203231, 0.033027, 0.0, 0.0, 0.0, 1.0],
                [-0.341545, 0.017831, 0.939698, 0.096351, 0.752933, -0.593224, 0.28492, 0.058238, 0.562532, 0.804841, 0.189187, 0.033027, 0.0, 0.0, 0.0, 1.0],
                [-0.300785, 0.029657, 0.953231, 0.096351, 0.75832, -0.598695, 0.257909, 0.058238, 0.578344, 0.800429, 0.157589, 0.033028, 0.0, 0.0, 0.0, 1.0],
                [-0.240024, 0.058278, 0.969018, 0.096351, 0.781305, -0.580838, 0.22846, 0.058238, 0.576157, 0.811932, 0.093882, 0.033027, 0.0, 0.0, 0.0, 1.0],
                [-0.195882, 0.091497, 0.976351, 0.096351, 0.813629, -0.540609, 0.213898, 0.058237, 0.547395, 0.836285, 0.03145, 0.033028, 0.0, 0.0, 0.0, 1.0],
                [-0.188155, 0.13827, 0.972358, 0.096351, 0.85008, -0.472928, 0.231745, 0.058238, 0.491899, 0.870185, -0.028557, 0.033027, 0.0, 0.0, 0.0, 1.0],
                [-0.214356, 0.226202, 0.950203, 0.096351, 0.878242, -0.38113, 0.288852, 0.058237, 0.42749, 0.896424, -0.116962, 0.033028, 0.0, 0.0, 0.0, 1.0],
                [-0.28683, 0.292133, 0.912352, 0.096351, 0.878854, -0.298767, 0.371963, 0.058237, 0.381243, 0.908514, -0.171047, 0.033027, 0.0, 0.0, 0.0, 1.0],
                [-0.458966, 0.323847, 0.82733, 0.096351, 0.835284, -0.160027, 0.526017, 0.058238, 0.302744, 0.932479, -0.197057, 0.033027, 0.0, 0.0, 0.0, 1.0],
                [-0.505945, 0.25679, 0.823457, 0.096351, 0.825296, -0.133483, 0.548701, 0.058238, 0.250818, 0.957206, -0.144393, 0.033027, 0.0, 0.0, 0.0, 1.0],
                [-0.568412, 0.229297, 0.790147, 0.096351, 0.786786, -0.129333, 0.603526, 0.058237, 0.240579, 0.964727, -0.106893, 0.033026, 0.0, 0.0, 0.0, 1.0],
                [-0.57492, 0.214302, 0.789648, 0.096351, 0.759252, -0.219986, 0.612491, 0.058238, 0.304969, 0.951674, -0.036235, 0.033027, 0.0, 0.0, 0.0, 1.0],
                [-0.570263, 0.213079, 0.793348, 0.096351, 0.738901, -0.288931, 0.608726, 0.058238, 0.358929, 0.933337, 0.007322, 0.033028, 0.0, 0.0, 0.0, 1.0],
                [-0.576049, 0.223219, 0.786348, 0.096351, 0.71886, -0.319599, 0.617333, 0.058238, 0.389116, 0.920887, 0.023641, 0.033028, 0.0, 0.0, 0.0, 1.0],
                [-0.581088, 0.259125, 0.771488, 0.096351, 0.705983, -0.311104, 0.636242, 0.058239, 0.404879, 0.914368, -0.00216, 0.033028, 0.0, 0.0, 0.0, 1.0],
                [-0.598943, 0.286022, 0.747972, 0.096351, 0.691899, -0.28542, 0.663185, 0.058238, 0.403171, 0.914729, -0.026948, 0.033026, 0.0, 0.0, 0.0, 1.0],
                [-0.614119, 0.30894, 0.726234, 0.096351, 0.693246, -0.228622, 0.683479, 0.058239, 0.377187, 0.923195, -0.07377, 0.033027, 0.0, 0.0, 0.0, 1.0],
                [-0.603763, 0.329507, 0.725878, 0.096351, 0.711555, -0.187761, 0.677081, 0.058237, 0.359394, 0.925296, -0.121099, 0.033027, 0.0, 0.0, 0.0, 1.0],
                [-0.576728, 0.349622, 0.738344, 0.096351, 0.73931, -0.161164, 0.653796, 0.058238, 0.347576, 0.922926, -0.165531, 0.033027, 0.0, 0.0, 0.0, 1.0],
                [-0.577573, 0.371516, 0.726903, 0.096351, 0.746053, -0.121249, 0.654757, 0.058238, 0.331388, 0.920476, -0.20714, 0.033026, 0.0, 0.0, 0.0, 1.0],
                [-0.600797, 0.361473, 0.71301, 0.096351, 0.738537, -0.090384, 0.668129, 0.058238, 0.305955, 0.927993, -0.212659, 0.033028, 0.0, 0.0, 0.0, 1.0],
                [-0.601011, 0.353127, 0.717001, 0.096351, 0.741894, -0.087204, 0.664825, 0.058238, 0.297292, 0.931504, -0.209572, 0.033028, 0.0, 0.0, 0.0, 1.0],
                [-0.602818, 0.340396, 0.721625, 0.096351, 0.740527, -0.098017, 0.664842, 0.058237, 0.297041, 0.935161, -0.192985, 0.033026, 0.0, 0.0, 0.0, 1.0],
                [-0.605693, 0.324575, 0.726491, 0.096351, 0.736748, -0.116122, 0.666123, 0.058238, 0.300569, 0.938706, -0.168796, 0.033025, 0.0, 0.0, 0.0, 1.0],
                [-0.612794, 0.307025, 0.728163, 0.096351, 0.728956, -0.136179, 0.67088, 0.058238, 0.305137, 0.941909, -0.140358, 0.033029, 0.0, 0.0, 0.0, 1.0],
                [-0.627278, 0.290126, 0.722738, 0.096351, 0.715806, -0.150845, 0.681814, 0.058238, 0.306834, 0.945026, -0.113052, 0.033028, 0.0, 0.0, 0.0, 1.0],
                [-0.656199, 0.272558, 0.703646, 0.096351, 0.692851, -0.151789, 0.704926, 0.058237, 0.298939, 0.950092, -0.089238, 0.033027, 0.0, 0.0, 0.0, 1.0],
                [-0.694117, 0.253401, 0.673788, 0.096351, 0.662328, -0.141858, 0.735662, 0.058239, 0.282, 0.956904, -0.069369, 0.033029, 0.0, 0.0, 0.0, 1.0],
                [-0.728693, 0.235152, 0.643205, 0.096351, 0.632162, -0.130271, 0.763808, 0.058238, 0.263402, 0.96319, -0.053727, 0.033029, 0.0, 0.0, 0.0, 1.0],
                [-0.744341, 0.22609, 0.628364, 0.096351, 0.616628, -0.128547, 0.77669, 0.058237, 0.256376, 0.965588, -0.043731, 0.033027, 0.0, 0.0, 0.0, 1.0],
                [-0.737757, 0.232096, 0.633916, 0.096351, 0.620733, -0.135873, 0.77216, 0.058238, 0.265347, 0.963157, -0.043829, 0.033026, 0.0, 0.0, 0.0, 1.0],
                [-0.718634, 0.243499, 0.651365, 0.096351, 0.634917, -0.152304, 0.757421, 0.058239, 0.283637, 0.957869, -0.045151, 0.033027, 0.0, 0.0, 0.0, 1.0],
                [-0.692224, 0.255261, 0.675035, 0.096351, 0.653217, -0.176048, 0.736422, 0.058238, 0.306818, 0.95071, -0.044877, 0.033025, 0.0, 0.0, 0.0, 1.0],
                [-0.663511, 0.2693, 0.698021, 0.096352, 0.670864, -0.198868, 0.71442, 0.058237, 0.331208, 0.942301, -0.048713, 0.033027, 0.0, 0.0, 0.0, 1.0],
                [-0.635211, 0.288525, 0.716425, 0.096352, 0.686297, -0.214628, 0.694935, 0.058237, 0.354271, 0.933107, -0.06168, 0.033026, 0.0, 0.0, 0.0, 1.0],
                [-0.610158, 0.302261, 0.732359, 0.096352, 0.700648, -0.225677, 0.676879, 0.058238, 0.369871, 0.926126, -0.07408, 0.033026, 0.0, 0.0, 0.0, 1.0],
                [-0.589079, 0.315581, 0.743907, 0.096351, 0.711896, -0.232919, 0.662538, 0.058239, 0.382355, 0.919869, -0.087454, 0.033029, 0.0, 0.0, 0.0, 1.0],
                [-0.570673, 0.327951, 0.75285, 0.096351, 0.721011, -0.238697, 0.650516, 0.058239, 0.39304, 0.914043, -0.100238, 0.033028, 0.0, 0.0, 0.0, 1.0],
                [-0.55589, 0.335515, 0.760539, 0.096351, 0.72868, -0.243604, 0.640069, 0.058238, 0.400023, 0.909994, -0.109066, 0.033029, 0.0, 0.0, 0.0, 1.0],
                [-0.54689, 0.340356, 0.764901, 0.096351, 0.733179, -0.246377, 0.633838, 0.058238, 0.404184, 0.907446, -0.1148, 0.033027, 0.0, 0.0, 0.0, 1.0],
                [-0.541479, 0.34179, 0.768103, 0.096351, 0.735988, -0.248886, 0.629587, 0.058239, 0.406357, 0.906221, -0.116787, 0.033028, 0.0, 0.0, 0.0, 1.0],
                [-0.537593, 0.342622, 0.77046, 0.096351, 0.738166, -0.250423, 0.626421, 0.058238, 0.407567, 0.905483, -0.118286, 0.033028, 0.0, 0.0, 0.0, 1.0],
                [-0.534705, 0.343335, 0.77215, 0.096351, 0.739718, -0.251595, 0.624116, 0.058239, 0.408551, 0.904888, -0.119442, 0.033027, 0.0, 0.0, 0.0, 1.0],
                [-0.532248, 0.343893, 0.773597, 0.096351, 0.741175, -0.252303, 0.622098, 0.058239, 0.409116, 0.904479, -0.120597, 0.033028, 0.0, 0.0, 0.0, 1.0],
                [-0.530661, 0.344505, 0.774415, 0.096351, 0.742256, -0.25224, 0.620835, 0.058238, 0.409219, 0.904264, -0.121856, 0.033028, 0.0, 0.0, 0.0, 1.0],
                [-0.530072, 0.345136, 0.774537, 0.096351, 0.74295, -0.251243, 0.620408, 0.058238, 0.408722, 0.904301, -0.123242, 0.033028, 0.0, 0.0, 0.0, 1.0],
                [-0.530344, 0.346202, 0.773875, 0.096351, 0.742543, -0.250805, 0.621072, 0.058238, 0.409108, 0.904015, -0.124057, 0.033028, 0.0, 0.0, 0.0, 1.0],
                [-0.531032, 0.347356, 0.772886, 0.096351, 0.742007, -0.249841, 0.6221, 0.058238, 0.409189, 0.903839, -0.125067, 0.033028, 0.0, 0.0, 0.0, 1.0],
                [-0.532347, 0.348608, 0.771416, 0.096351, 0.741329, -0.247986, 0.623649, 0.058239, 0.408709, 0.903868, -0.126419, 0.033028, 0.0, 0.0, 0.0, 1.0],
                [-0.535877, 0.346749, 0.769808, 0.096351, 0.740189, -0.245669, 0.625916, 0.058239, 0.406153, 0.905215, -0.125012, 0.033029, 0.0, 0.0, 0.0, 1.0],
                [-0.540192, 0.344653, 0.76773, 0.096351, 0.738487, -0.243309, 0.628842, 0.058238, 0.403528, 0.906651, -0.123088, 0.033028, 0.0, 0.0, 0.0, 1.0],
                [-0.545045, 0.342344, 0.76533, 0.096351, 0.736595, -0.240468, 0.632145, 0.058239, 0.400448, 0.908283, -0.121102, 0.033027, 0.0, 0.0, 0.0, 1.0],
                [-0.551159, 0.33951, 0.762208, 0.096351, 0.733566, -0.238155, 0.636528, 0.058238, 0.397631, 0.909955, -0.117791, 0.033028, 0.0, 0.0, 0.0, 1.0],
                [-0.558238, 0.336146, 0.758537, 0.096351, 0.72977, -0.236027, 0.641662, 0.058238, 0.394727, 0.911756, -0.113551, 0.033028, 0.0, 0.0, 0.0, 1.0],
                [-0.565546, 0.332653, 0.754654, 0.096351, 0.725683, -0.234046, 0.647002, 0.058238, 0.391851, 0.913546, -0.109037, 0.033029, 0.0, 0.0, 0.0, 1.0],
                [-0.573092, 0.327934, 0.751018, 0.096351, 0.721537, -0.232576, 0.652148, 0.058238, 0.38853, 0.915625, -0.103329, 0.033027, 0.0, 0.0, 0.0, 1.0],
                [-0.581592, 0.322307, 0.746908, 0.096351, 0.716673, -0.231403, 0.657903, 0.058238, 0.384884, 0.917918, -0.096406, 0.033028, 0.0, 0.0, 0.0, 1.0],
                [-0.592476, 0.315991, 0.74103, 0.096351, 0.710374, -0.228892, 0.665569, 0.058238, 0.37993, 0.920739, -0.088859, 0.033027, 0.0, 0.0, 0.0, 1.0],
                [-0.608538, 0.30651, 0.73194, 0.096351, 0.701414, -0.223574, 0.676783, 0.058238, 0.371084, 0.925239, -0.078938, 0.033029, 0.0, 0.0, 0.0, 1.0],
                [-0.62884, 0.293594, 0.719976, 0.096351, 0.689891, -0.216413, 0.690811, 0.058238, 0.35863, 0.931112, -0.066459, 0.033028, 0.0, 0.0, 0.0, 1.0],
                [-0.652051, 0.280368, 0.704434, 0.096351, 0.676346, -0.204773, 0.707551, 0.058238, 0.342623, 0.937798, -0.056103, 0.033029, 0.0, 0.0, 0.0, 1.0],
                [-0.676677, 0.265754, 0.686649, 0.096351, 0.661109, -0.191221, 0.725515, 0.058238, 0.32411, 0.944887, -0.046298, 0.033029, 0.0, 0.0, 0.0, 1.0],
                [-0.701892, 0.251391, 0.666449, 0.096352, 0.644136, -0.175366, 0.74454, 0.058238, 0.304043, 0.951868, -0.038842, 0.033029, 0.0, 0.0, 0.0, 1.0],
                [-0.726057, 0.237197, 0.645433, 0.096351, 0.626575, -0.158476, 0.763081, 0.058238, 0.283286, 0.95845, -0.033559, 0.033028, 0.0, 0.0, 0.0, 1.0],
                [-0.748692, 0.222396, 0.624503, 0.096351, 0.609105, -0.14103, 0.780452, 0.058238, 0.261642, 0.964704, -0.029875, 0.033029, 0.0, 0.0, 0.0, 1.0],
                [-0.768476, 0.209131, 0.604742, 0.096351, 0.592851, -0.122932, 0.795876, 0.058238, 0.240785, 0.970131, -0.029513, 0.033028, 0.0, 0.0, 0.0, 1.0],
                [-0.783883, 0.198278, 0.588403, 0.096351, 0.579626, -0.106115, 0.807946, 0.058238, 0.222636, 0.974386, -0.031746, 0.033028, 0.0, 0.0, 0.0, 1.0],
                [-0.790534, 0.192413, 0.58141, 0.096351, 0.574866, -0.094203, 0.812809, 0.058239, 0.211166, 0.976783, -0.036141, 0.033028, 0.0, 0.0, 0.0, 1.0],
                [-0.793257, 0.190273, 0.578397, 0.096351, 0.574179, -0.082393, 0.814575, 0.058238, 0.202647, 0.978269, -0.043892, 0.033028, 0.0, 0.0, 0.0, 1.0],
                [-0.794513, 0.187775, 0.577489, 0.096352, 0.575466, -0.070821, 0.814756, 0.058238, 0.193889, 0.979657, -0.05179, 0.033028, 0.0, 0.0, 0.0, 1.0],
                [-0.79471, 0.186395, 0.577665, 0.096351, 0.577853, -0.059009, 0.814007, 0.058239, 0.185814, 0.980702, -0.060815, 0.033027, 0.0, 0.0, 0.0, 1.0],
                [-0.795145, 0.184185, 0.577775, 0.096351, 0.580041, -0.046965, 0.813234, 0.058239, 0.17692, 0.98177, -0.069491, 0.033028, 0.0, 0.0, 0.0, 1.0],
                [-0.797447, 0.179791, 0.575985, 0.096351, 0.580026, -0.03467, 0.813862, 0.058238, 0.166294, 0.983095, -0.076636, 0.033029, 0.0, 0.0, 0.0, 1.0],
                [-0.795447, 0.179179, 0.578932, 0.096351, 0.584197, -0.02737, 0.811152, 0.058239, 0.161186, 0.983437, -0.082904, 0.033028, 0.0, 0.0, 0.0, 1.0],
                [-0.791972, 0.179791, 0.583489, 0.096351, 0.589905, -0.021158, 0.807198, 0.058239, 0.157472, 0.983478, -0.089303, 0.033028, 0.0, 0.0, 0.0, 1.0],
                [-0.787915, 0.181074, 0.588564, 0.096351, 0.595771, -0.017559, 0.802964, 0.058238, 0.15573, 0.983314, -0.094043, 0.033028, 0.0, 0.0, 0.0, 1.0],
                [-0.781792, 0.182125, 0.596352, 0.096351, 0.604067, -0.015953, 0.796776, 0.058238, 0.154626, 0.983147, -0.097544, 0.033029, 0.0, 0.0, 0.0, 1.0],
                [-0.778381, 0.182196, 0.600775, 0.096351, 0.608881, -0.014039, 0.793139, 0.058238, 0.152941, 0.983163, -0.100008, 0.033029, 0.0, 0.0, 0.0, 1.0],
                [-0.773754, 0.18243, 0.606653, 0.096351, 0.614899, -0.014009, 0.788483, 0.058238, 0.152341, 0.98312, -0.101337, 0.033029, 0.0, 0.0, 0.0, 1.0],
                [-0.76609, 0.184132, 0.615797, 0.096351, 0.623785, -0.017948, 0.781392, 0.058239, 0.154931, 0.982739, -0.101109, 0.033028, 0.0, 0.0, 0.0, 1.0],
                [-0.755488, 0.187282, 0.627828, 0.096351, 0.635284, -0.024878, 0.77188, 0.058239, 0.160178, 0.981992, -0.100182, 0.033029, 0.0, 0.0, 0.0, 1.0],
                [-0.742373, 0.191441, 0.642056, 0.096351, 0.648658, -0.034524, 0.760299, 0.058238, 0.167718, 0.980898, -0.09855, 0.033029, 0.0, 0.0, 0.0, 1.0],
                [-0.727165, 0.196477, 0.657748, 0.096351, 0.663145, -0.046577, 0.747043, 0.058239, 0.177412, 0.979403, -0.096423, 0.033028, 0.0, 0.0, 0.0, 1.0],
                [-0.709336, 0.202434, 0.675178, 0.096351, 0.679014, -0.060828, 0.731603, 0.058239, 0.189171, 0.977406, -0.094308, 0.033027, 0.0, 0.0, 0.0, 1.0],
                [-0.690604, 0.207339, 0.692879, 0.096351, 0.694446, -0.077516, 0.71536, 0.058239, 0.202031, 0.975194, -0.090453, 0.033029, 0.0, 0.0, 0.0, 1.0],
                [-0.674867, 0.207412, 0.708193, 0.096351, 0.706136, -0.097206, 0.701374, 0.058238, 0.214314, 0.973413, -0.08086, 0.033028, 0.0, 0.0, 0.0, 1.0],
                [-0.66188, 0.199593, 0.722553, 0.096351, 0.714347, -0.124234, 0.688679, 0.058238, 0.227222, 0.971973, -0.06035, 0.033029, 0.0, 0.0, 0.0, 1.0],
                [-0.649114, 0.18912, 0.73681, 0.09635, 0.722011, -0.151776, 0.675032, 0.058239, 0.239492, 0.970155, -0.038027, 0.033028, 0.0, 0.0, 0.0, 1.0],
                [-0.635547, 0.183032, 0.750056, 0.096351, 0.730045, -0.173666, 0.660968, 0.058239, 0.251237, 0.967648, -0.023249, 0.033029, 0.0, 0.0, 0.0, 1.0],
                [-0.625149, 0.169838, 0.761806, 0.096351, 0.735269, -0.199321, 0.647808, 0.058239, 0.261867, 0.965105, -0.000271, 0.033028, 0.0, 0.0, 0.0, 1.0],
                [-0.625524, 0.156002, 0.764451, 0.096351, 0.731601, -0.223149, 0.644181, 0.058239, 0.27108, 0.962221, 0.025454, 0.033028, 0.0, 0.0, 0.0, 1.0],
                [-0.63403, 0.139816, 0.760566, 0.096351, 0.722273, -0.244317, 0.64702, 0.058239, 0.276283, 0.959564, 0.053919, 0.033028, 0.0, 0.0, 0.0, 1.0],
                [-0.650717, 0.120188, 0.74975, 0.096351, 0.706844, -0.264825, 0.655929, 0.058238, 0.277387, 0.956778, 0.087372, 0.033029, 0.0, 0.0, 0.0, 1.0],
                [-0.676266, 0.102318, 0.729519, 0.096352, 0.682833, -0.284529, 0.672893, 0.058238, 0.276419, 0.953193, 0.122551, 0.033029, 0.0, 0.0, 0.0, 1.0],
                [-0.706959, 0.099576, 0.700212, 0.096351, 0.650437, -0.297264, 0.698977, 0.058238, 0.277749, 0.94959, 0.145385, 0.033028, 0.0, 0.0, 0.0, 1.0],
                [-0.719846, 0.103753, 0.686339, 0.096351, 0.629052, -0.320516, 0.708213, 0.058238, 0.293462, 0.941545, 0.165456, 0.033028, 0.0, 0.0, 0.0, 1.0],
                [-0.716174, 0.104105, 0.690117, 0.096351, 0.62092, -0.356465, 0.698137, 0.058239, 0.318682, 0.928492, 0.190649, 0.033028, 0.0, 0.0, 0.0, 1.0],
                [-0.712374, 0.098563, 0.694847, 0.096351, 0.612975, -0.394742, 0.684429, 0.058238, 0.341745, 0.913491, 0.220787, 0.033028, 0.0, 0.0, 0.0, 1.0],
                [-0.723747, 0.078495, 0.68559, 0.096351, 0.595927, -0.429853, 0.678308, 0.058238, 0.347946, 0.899482, 0.264327, 0.033027, 0.0, 0.0, 0.0, 1.0],
                [-0.743578, 0.039605, 0.667479, 0.096351, 0.576597, -0.467485, 0.670072, 0.058239, 0.338575, 0.883114, 0.324774, 0.033028, 0.0, 0.0, 0.0, 1.0],
                [-0.763721, -0.017, 0.645326, 0.096351, 0.561151, -0.511666, 0.650623, 0.058238, 0.319131, 0.859018, 0.400308, 0.033028, 0.0, 0.0, 0.0, 1.0],
                [-0.781457, -0.084463, 0.61822, 0.096351, 0.548937, -0.56411, 0.616808, 0.058239, 0.296647, 0.82137, 0.487191, 0.033028, 0.0, 0.0, 0.0, 1.0],
                [-0.787652, -0.132686, 0.601666, 0.096351, 0.543394, -0.609875, 0.576869, 0.058239, 0.290399, 0.781313, 0.552469, 0.033028, 0.0, 0.0, 0.0, 1.0],
                [-0.798182, -0.148176, 0.583913, 0.096351, 0.526899, -0.6416, 0.557431, 0.058239, 0.29204, 0.752593, 0.590186, 0.033029, 0.0, 0.0, 0.0, 1.0],
                [-0.806946, -0.154847, 0.56997, 0.096351, 0.511402, -0.66597, 0.543097, 0.058239, 0.295486, 0.729731, 0.61659, 0.033027, 0.0, 0.0, 0.0, 1.0],
                [-0.812843, -0.154485, 0.561628, 0.096351, 0.499025, -0.68201, 0.534638, 0.058238, 0.300442, 0.714841, 0.631458, 0.033028, 0.0, 0.0, 0.0, 1.0],
                [-0.817589, -0.149524, 0.556054, 0.096351, 0.488704, -0.690881, 0.53278, 0.058238, 0.304504, 0.707339, 0.637928, 0.033028, 0.0, 0.0, 0.0, 1.0],
                [-0.822232, -0.142248, 0.551094, 0.096351, 0.480293, -0.692939, 0.537734, 0.058239, 0.305383, 0.706826, 0.638075, 0.033028, 0.0, 0.0, 0.0, 1.0],
                [-0.825665, -0.132667, 0.548343, 0.096351, 0.474449, -0.689183, 0.547656, 0.058238, 0.305253, 0.71234, 0.631977, 0.033028, 0.0, 0.0, 0.0, 1.0],
                [-0.829147, -0.123131, 0.545306, 0.096351, 0.469583, -0.682683, 0.559855, 0.058239, 0.303336, 0.720267, 0.623863, 0.033027, 0.0, 0.0, 0.0, 1.0],
                [-0.837599, -0.117567, 0.53349, 0.096351, 0.460798, -0.676589, 0.574365, 0.058238, 0.293427, 0.726917, 0.620883, 0.033028, 0.0, 0.0, 0.0, 1.0],
                [-0.847442, -0.114182, 0.518469, 0.096351, 0.450439, -0.671525, 0.588355, 0.058238, 0.280985, 0.732134, 0.620508, 0.033029, 0.0, 0.0, 0.0, 1.0],
                [-0.855934, -0.110886, 0.505062, 0.096351, 0.440948, -0.666692, 0.600908, 0.058238, 0.270088, 0.737041, 0.619537, 0.033028, 0.0, 0.0, 0.0, 1.0],
                [-0.860022, -0.109122, 0.498456, 0.096351, 0.436234, -0.66399, 0.607305, 0.058239, 0.2647, 0.739738, 0.618647, 0.033028, 0.0, 0.0, 0.0, 1.0],
                [-0.862766, -0.107855, 0.49397, 0.096351, 0.433002, -0.662047, 0.611724, 0.058239, 0.261054, 0.741663, 0.617891, 0.033029, 0.0, 0.0, 0.0, 1.0],
                [-0.864705, -0.107695, 0.490604, 0.096351, 0.43106, -0.660494, 0.614766, 0.058238, 0.257833, 0.743069, 0.617554, 0.033028, 0.0, 0.0, 0.0, 1.0],
                [-0.867025, -0.107691, 0.486493, 0.096351, 0.428736, -0.658731, 0.618273, 0.058238, 0.253885, 0.744633, 0.617305, 0.033029, 0.0, 0.0, 0.0, 1.0],
                [-0.868876, -0.107564, 0.483208, 0.096351, 0.426642, -0.657774, 0.620736, 0.058239, 0.251073, 0.745497, 0.617414, 0.033029, 0.0, 0.0, 0.0, 1.0],
                [-0.870596, -0.107957, 0.480013, 0.096351, 0.424954, -0.656685, 0.623042, 0.058239, 0.247956, 0.746399, 0.617582, 0.033028, 0.0, 0.0, 0.0, 1.0],
                [-0.871704, -0.107772, 0.47804, 0.096351, 0.42385, -0.655416, 0.625127, 0.058238, 0.245944, 0.747541, 0.617007, 0.033029, 0.0, 0.0, 0.0, 1.0],
                [-0.872744, -0.108442, 0.475987, 0.096351, 0.423102, -0.654413, 0.626682, 0.058238, 0.243533, 0.748322, 0.617016, 0.033029, 0.0, 0.0, 0.0, 1.0],
                [-0.873555, -0.108807, 0.474412, 0.096351, 0.422345, -0.653923, 0.627703, 0.058239, 0.241931, 0.748697, 0.617191, 0.033028, 0.0, 0.0, 0.0, 1.0],
                [-0.873581, -0.108771, 0.474373, 0.096351, 0.422324, -0.653835, 0.627809, 0.058238, 0.241875, 0.748779, 0.617114, 0.033027, 0.0, 0.0, 0.0, 1.0]
            ]
        },
        {
            "name": "Leg_R",
            "time": [0.0, 0.0417, 0.0833, 0.125, 0.1667, 0.2083, 0.25, 0.2917, 0.3333, 0.375, 0.4167, 0.4583, 0.5, 0.5417, 0.5833, 0.625, 0.6667, 0.7083, 0.75, 0.7917, 0.8333, 0.875, 0.9167, 0.9583, 1.0, 1.0417, 1.0833, 1.125, 1.1667, 1.2083, 1.25, 1.2917, 1.3333, 1.375, 1.4167, 1.4583, 1.5, 1.5417, 1.5833, 1.625, 1.6667, 1.7083, 1.75, 1.7917, 1.8333, 1.875, 1.9167, 1.9583, 2.0, 2.0417, 2.0833, 2.125, 2.1667, 2.2083, 2.25, 2.2917, 2.3333, 2.375, 2.4167, 2.4583, 2.5, 2.5417, 2.5833, 2.625, 2.6667, 2.7083, 2.75, 2.7917, 2.8333, 2.875, 2.9167, 2.9583, 3.0, 3.0417, 3.0833, 3.125, 3.1667, 3.2083, 3.25, 3.2917, 3.3333, 3.375, 3.4167, 3.4583, 3.5, 3.5417, 3.5833, 3.625, 3.6667, 3.7083, 3.75, 3.7917, 3.8333, 3.875, 3.9167, 3.9583, 4.0, 4.0417, 4.0833, 4.125, 4.1667, 4.2083, 4.25, 4.2917, 4.3333, 4.375, 4.4167, 4.4583, 4.5, 4.5417, 4.5833, 4.625, 4.6667, 4.7083, 4.75, 4.7917, 4.8333, 4.875, 4.9167, 4.9583, 5.0, 5.0417, 5.0833, 5.125, 5.1667, 5.2083, 5.25, 5.2917, 5.3333, 5.375, 5.4167],
            "transform": [
                [0.999999, 0.0, 0.0, 0.0, -0.0, 0.437584, 0.899178, 0.37472, 0.0, -0.899178, 0.437584, 0.0, 0.0, 0.0, 0.0, 1.0],
                [0.999999, 0.0, 0.0, -0.0, -1e-06, 0.365229, 0.930918, 0.37472, 0.0, -0.930918, 0.365229, 0.0, 0.0, 0.0, 0.0, 1.0],
                [0.999999, 0.0, 0.0, -0.0, -0.0, 0.257363, 0.966316, 0.37472, 0.0, -0.966316, 0.257363, -0.0, 0.0, 0.0, 0.0, 1.0],
