{
    "animation": [
        {
            "name": "Root",
            "time": [0.0, 0.0417, 0.0833, 0.125, 0.1667, 0.2083, 0.25, 0.2917, 0.3333, 0.375, 0.4167, 0.4583, 0.5, 0.5417, 0.5833, 0.625, 0.6667, 0.7083, 0.75, 0.7917, 0.8333, 0.875, 0.9167, 0.9583, 1.0, 1.0417, 1.0833, 1.125, 1.1667, 1.2083, 1.25, 1.2917, 1.3333, 1.375, 1.4167, 1.4583, 1.5, 1.5417, 1.5833, 1.625, 1.6667, 1.7083, 1.75, 1.7917, 1.8333, 1.875, 1.9167, 1.9583, 2.0, 2.0417, 2.0833, 2.125, 2.1667, 2.2083, 2.25, 2.2917, 2.3333, 2.375, 2.4167, 2.4583, 2.5, 2.5417, 2.5833, 2.625, 2.6667, 2.7083, 2.75, 2.7917, 2.8333, 2.875, 2.9167, 2.9583, 3.0, 3.0417, 3.0833, 3.125, 3.1667, 3.2083, 3.25, 3.2917, 3.3333, 3.375, 3.4167, 3.4583, 3.5, 3.5417, 3.5833, 3.625, 3.6667, 3.7083, 3.75, 3.7917, 3.8333, 3.875, 3.9167, 3.9583, 4.0, 4.0417, 4.0833, -0.0417],
            "transform": [
                [-1.0, 0.0, -0.0, -8.6e-05, -0.0, -0.0, 1.0, -0.000828, -0.0, 1.0, 0.0, 0.51526, 0.0, 0.0, 0.0, 1.0],
                [-1.0, 0.0, -0.0, -8.6e-05, -0.0, -0.0, 1.0, -0.000828, -0.0, 1.0, 0.0, 0.51526, 0.0, 0.0, 0.0, 1.0],
                [-1.0, 0.0, -0.0, 0.003676, -0.0, -0.0, 1.0, -0.031075, -0.0, 1.0, 0.0, 0.51526, 0.0, 0.0, 0.0, 1.0],
                [-1.0, 0.0, -0.0, 0.006501, -0.0, -0.0, 1.0, -0.069361, -0.0, 1.0, 0.0, 0.51526, 0.0, 0.0, 0.0, 1.0],
                [-1.0, 0.0, -0.0, 0.007992, -0.0, -0.0, 1.0, -0.09702, -0.0, 1.0, 0.0, 0.51526, 0.0, 0.0, 0.0, 1.0],
                [-1.0, 0.0, -0.0, 0.007755, -0.0, -0.0, 1.0, -0.101788, -0.0, 1.0, 0.0, 0.51526, 0.0, 0.0, 0.0, 1.0],
                [-1.0, 0.0, -0.0, 0.005357, -0.0, -0.0, 1.0, -0.093613, -0.0, 1.0, 0.0, 0.51526, 0.0, 0.0, 0.0, 1.0],
                [-1.0, 0.0, -0.0, 0.000414, -0.0, -0.0, 1.0, -0.077127, -0.0, 1.0, 0.0, 0.51526, 0.0, 0.0, 0.0, 1.0],
                [-1.0, 0.0, -0.0, -0.009562, -0.0, -0.0, 1.0, -0.044564, -0.0, 1.0, 0.0, 0.51526, 0.0, 0.0, 0.0, 1.0],
                [-1.0, 0.0, -0.0, -0.026224, -0.0, -0.0, 1.0, -0.002144, -0.0, 1.0, 0.0, 0.51526, 0.0, 0.0, 0.0, 1.0],
                [-1.0, 0.0, -0.0, -0.047323, -0.0, -0.0, 1.0, 0.046859, -0.0, 1.0, 0.0, 0.51526, 0.0, 0.0, 0.0, 1.0],
                [-1.0, 0.0, -0.0, -0.072454, -0.0, -0.0, 1.0, 0.101903, -0.0, 1.0, 0.0, 0.51526, 0.0, 0.0, 0.0, 1.0],
                [-1.0, 0.0, -0.0, -0.10002, -0.0, -0.0, 1.0, 0.161368, -0.0, 1.0, 0.0, 0.51526, 0.0, 0.0, 0.0, 1.0],
                [-1.0, 0.0, -0.0, -0.129119, -0.0, -0.0, 1.0, 0.223497, -0.0, 1.0, 0.0, 0.51526, 0.0, 0.0, 0.0, 1.0],
                [-1.0, 0.0, -0.0, -0.157676, -0.0, -0.0, 1.0, 0.285128, -0.0, 1.0, 0.0, 0.51526, 0.0, 0.0, 0.0, 1.0],
                [-1.0, 0.0, -0.0, -0.183874, -0.0, -0.0, 1.0, 0.343336, -0.0, 1.0, 0.0, 0.51526, 0.0, 0.0, 0.0, 1.0],
                [-1.0, 0.0, -0.0, -0.207734, -0.0, -0.0, 1.0, 0.398674, -0.0, 1.0, 0.0, 0.51526, 0.0, 0.0, 0.0, 1.0],
                [-1.0, 0.0, -0.0, -0.227613, -0.0, -0.0, 1.0, 0.44743, -0.0, 1.0, 0.0, 0.51526, 0.0, 0.0, 0.0, 1.0],
                [-1.0, 0.0, -0.0, -0.241868, -0.0, -0.0, 1.0, 0.485306, -0.0, 1.0, 0.0, 0.51526, 0.0, 0.0, 0.0, 1.0],
                [-1.0, 0.0, -0.0, -0.250856, -0.0, -0.0, 1.0, 0.512888, -0.0, 1.0, 0.0, 0.51526, 0.0, 0.0, 0.0, 1.0],
                [-1.0, 0.0, -0.0, -0.253907, -0.0, -0.0, 1.0, 0.533947, -0.0, 1.0, 0.0, 0.51526, 0.0, 0.0, 0.0, 1.0],
                [-1.0, 0.0, -0.0, -0.253094, -0.0, -0.0, 1.0, 0.550176, -0.0, 1.0, 0.0, 0.51526, 0.0, 0.0, 0.0, 1.0],
                [-1.0, 0.0, -0.0, -0.249182, -0.0, -0.0, 1.0, 0.565148, -0.0, 1.0, 0.0, 0.51526, 0.0, 0.0, 0.0, 1.0],
                [-1.0, 0.0, -0.0, -0.242229, -0.0, -0.0, 1.0, 0.58373, -0.0, 1.0, 0.0, 0.51526, 0.0, 0.0, 0.0, 1.0],
                [-1.0, 0.0, -0.0, -0.232737, -0.0, -0.0, 1.0, 0.605205, -0.0, 1.0, 0.0, 0.51526, 0.0, 0.0, 0.0, 1.0],
                [-1.0, 0.0, -0.0, -0.221707, -0.0, -0.0, 1.0, 0.630684, -0.0, 1.0, 0.0, 0.51526, 0.0, 0.0, 0.0, 1.0],
                [-1.0, 0.0, -0.0, -0.209641, -0.0, -0.0, 1.0, 0.667744, -0.0, 1.0, 0.0, 0.51526, 0.0, 0.0, 0.0, 1.0],
                [-1.0, 0.0, -0.0, -0.197221, -0.0, -0.0, 1.0, 0.726058, -0.0, 1.0, 0.0, 0.51526, 0.0, 0.0, 0.0, 1.0],
                [-1.0, 0.0, -0.0, -0.184974, -0.0, -0.0, 1.0, 0.798609, -0.0, 1.0, 0.0, 0.51526, 0.0, 0.0, 0.0, 1.0],
                [-1.0, 0.0, -0.0, -0.173152, -0.0, -0.0, 1.0, 0.868846, -0.0, 1.0, 0.0, 0.51526, 0.0, 0.0, 0.0, 1.0],
                [-1.0, 0.0, -0.0, -0.162186, -0.0, -0.0, 1.0, 0.919258, -0.0, 1.0, 0.0, 0.51526, 0.0, 0.0, 0.0, 1.0],
                [-1.0, 0.0, -0.0, -0.152391, -0.0, -0.0, 1.0, 0.946371, -0.0, 1.0, 0.0, 0.51526, 0.0, 0.0, 0.0, 1.0],
                [-1.0, 0.0, -0.0, -0.14336, -0.0, -0.0, 1.0, 0.950323, -0.0, 1.0, 0.0, 0.51526, 0.0, 0.0, 0.0, 1.0],
                [-1.0, 0.0, -0.0, -0.136927, -0.0, -0.0, 1.0, 0.93261, -0.0, 1.0, 0.0, 0.51526, 0.0, 0.0, 0.0, 1.0],
                [-1.0, 0.0, -0.0, -0.136882, -0.0, -0.0, 1.0, 0.896641, -0.0, 1.0, 0.0, 0.51526, 0.0, 0.0, 0.0, 1.0],
                [-1.0, 0.0, -0.0, -0.141815, -0.0, -0.0, 1.0, 0.814892, -0.0, 1.0, 0.0, 0.51526, 0.0, 0.0, 0.0, 1.0],
                [-1.0, 0.0, -0.0, -0.149756, -0.0, -0.0, 1.0, 0.665154, -0.0, 1.0, 0.0, 0.51526, 0.0, 0.0, 0.0, 1.0],
                [-1.0, 0.0, -0.0, -0.163676, -0.0, -0.0, 1.0, 0.468139, -0.0, 1.0, 0.0, 0.51526, 0.0, 0.0, 0.0, 1.0],
                [-1.0, 0.0, -0.0, -0.186472, -0.0, -0.0, 1.0, 0.257908, -0.0, 1.0, 0.0, 0.51526, 0.0, 0.0, 0.0, 1.0],
                [-1.0, 0.0, -0.0, -0.216851, -0.0, -0.0, 1.0, 0.023779, -0.0, 1.0, 0.0, 0.51526, 0.0, 0.0, 0.0, 1.0],
                [-1.0, 0.0, -0.0, -0.252344, -0.0, -0.0, 1.0, -0.213512, -0.0, 1.0, 0.0, 0.51526, 0.0, 0.0, 0.0, 1.0],
                [-1.0, 0.0, -0.0, -0.289781, -0.0, -0.0, 1.0, -0.440412, -0.0, 1.0, 0.0, 0.51526, 0.0, 0.0, 0.0, 1.0],
                [-1.0, 0.0, -0.0, -0.329317, -0.0, -0.0, 1.0, -0.66331, -0.0, 1.0, 0.0, 0.51526, 0.0, 0.0, 0.0, 1.0],
                [-1.0, 0.0, -0.0, -0.370872, -0.0, -0.0, 1.0, -0.881816, -0.0, 1.0, 0.0, 0.51526, 0.0, 0.0, 0.0, 1.0],
                [-1.0, 0.0, -0.0, -0.413408, -0.0, -0.0, 1.0, -1.097629, -0.0, 1.0, 0.0, 0.51526, 0.0, 0.0, 0.0, 1.0],
                [-1.0, 0.0, -0.0, -0.458501, -0.0, -0.0, 1.0, -1.306906, -0.0, 1.0, 0.0, 0.515259, 0.0, 0.0, 0.0, 1.0],
                [-1.0, 0.0, -0.0, -0.497025, -0.0, -0.0, 1.0, -1.464545, -0.0, 1.0, 0.0, 0.515259, 0.0, 0.0, 0.0, 1.0],
                [-1.0, 0.0, -0.0, -0.529661, -0.0, -0.0, 1.0, -1.628453, -0.0, 1.0, 0.0, 0.515259, 0.0, 0.0, 0.0, 1.0],
                [-1.0, 0.0, -0.0, -0.55233, -0.0, -0.0, 1.0, -1.808573, -0.0, 1.0, 0.0, 0.515259, 0.0, 0.0, 0.0, 1.0],
                [-1.0, 0.0, -0.0, -0.566801, -0.0, -0.0, 1.0, -1.998983, -0.0, 1.0, 0.0, 0.515259, 0.0, 0.0, 0.0, 1.0],
                [-1.0, 0.0, -0.0, -0.576383, -0.0, -0.0, 1.0, -2.194988, -0.0, 1.0, 0.0, 0.515259, 0.0, 0.0, 0.0, 1.0],
                [-1.0, 0.0, -0.0, -0.582341, -0.0, -0.0, 1.0, -2.391308, -0.0, 1.0, 0.0, 0.515259, 0.0, 0.0, 0.0, 1.0],
                [-1.0, 0.0, -0.0, -0.585894, -0.0, -0.0, 1.0, -2.586507, -0.0, 1.0, 0.0, 0.515259, 0.0, 0.0, 0.0, 1.0],
                [-1.0, 0.0, -0.0, -0.586402, -0.0, -0.0, 1.0, -2.782477, -0.0, 1.0, 0.0, 0.515259, 0.0, 0.0, 0.0, 1.0],
                [-1.0, 0.0, -0.0, -0.582461, -0.0, -0.0, 1.0, -2.978508, -0.0, 1.0, 0.0, 0.515259, 0.0, 0.0, 0.0, 1.0],
                [-1.0, 0.0, -0.0, -0.572218, -0.0, -0.0, 1.0, -3.174988, -0.0, 1.0, 0.0, 0.515259, 0.0, 0.0, 0.0, 1.0],
                [-1.0, 0.0, -0.0, -0.562697, -0.0, -0.0, 1.0, -3.373115, -0.0, 1.0, 0.0, 0.515259, 0.0, 0.0, 0.0, 1.0],
                [-1.0, 0.0, -0.0, -0.555368, -0.0, -0.0, 1.0, -3.573567, -0.0, 1.0, 0.0, 0.515259, 0.0, 0.0, 0.0, 1.0],
                [-1.0, 0.0, -0.0, -0.548217, -0.0, -0.0, 1.0, -3.776209, -0.0, 1.0, 0.0, 0.515259, 0.0, 0.0, 0.0, 1.0],
                [-1.0, 0.0, -0.0, -0.541684, -0.0, -0.0, 1.0, -3.978308, -0.0, 1.0, 0.0, 0.515259, 0.0, 0.0, 0.0, 1.0],
                [-1.0, 0.0, -0.0, -0.535912, -0.0, -0.0, 1.0, -4.17739, -0.0, 1.0, 0.0, 0.515259, 0.0, 0.0, 0.0, 1.0],
                [-1.0, 0.0, -0.0, -0.531723, -0.0, -0.0, 1.0, -4.370999, -0.0, 1.0, 0.0, 0.515258, 0.0, 0.0, 0.0, 1.0],
                [-1.0, 0.0, -0.0, -0.528084, -0.0, -0.0, 1.0, -4.557293, -0.0, 1.0, 0.0, 0.515258, 0.0, 0.0, 0.0, 1.0],
                [-1.0, 0.0, -0.0, -0.521675, -0.0, -0.0, 1.0, -4.740096, -0.0, 1.0, 0.0, 0.515258, 0.0, 0.0, 0.0, 1.0],
                [-1.0, 0.0, -0.0, -0.510103, -0.0, -0.0, 1.0, -4.922412, -0.0, 1.0, 0.0, 0.515258, 0.0, 0.0, 0.0, 1.0],
                [-1.0, 0.0, -0.0, -0.494381, -0.0, -0.0, 1.0, -5.103471, -0.0, 1.0, 0.0, 0.515258, 0.0, 0.0, 0.0, 1.0],
                [-1.0, 0.0, -0.0, -0.475182, -0.0, -0.0, 1.0, -5.283728, -0.0, 1.0, 0.0, 0.515258, 0.0, 0.0, 0.0, 1.0],
                [-1.0, 0.0, -0.0, -0.450579, -0.0, -0.0, 1.0, -5.462799, -0.0, 1.0, 0.0, 0.515258, 0.0, 0.0, 0.0, 1.0],
                [-1.0, 0.0, -0.0, -0.421585, -0.0, -0.0, 1.0, -5.639608, -0.0, 1.0, 0.0, 0.515258, 0.0, 0.0, 0.0, 1.0],
                [-1.0, 0.0, -0.0, -0.388859, -0.0, -0.0, 1.0, -5.814255, -0.0, 1.0, 0.0, 0.515258, 0.0, 0.0, 0.0, 1.0],
                [-1.0, 0.0, -0.0, -0.353136, -0.0, -0.0, 1.0, -5.986841, -0.0, 1.0, 0.0, 0.515258, 0.0, 0.0, 0.0, 1.0],
                [-1.0, 0.0, -0.0, -0.319015, -0.0, -0.0, 1.0, -6.157217, -0.0, 1.0, 0.0, 0.515258, 0.0, 0.0, 0.0, 1.0],
                [-1.0, 0.0, -0.0, -0.288569, -0.0, -0.0, 1.0, -6.323985, -0.0, 1.0, 0.0, 0.515258, 0.0, 0.0, 0.0, 1.0],
                [-1.0, 0.0, -0.0, -0.265428, -0.0, -0.0, 1.0, -6.489007, -0.0, 1.0, 0.0, 0.515258, 0.0, 0.0, 0.0, 1.0],
                [-1.0, 0.0, -0.0, -0.24612, -0.0, -0.0, 1.0, -6.647166, -0.0, 1.0, 0.0, 0.515258, 0.0, 0.0, 0.0, 1.0],
                [-1.0, 0.0, -0.0, -0.228766, -0.0, -0.0, 1.0, -6.7905, -0.0, 1.0, 0.0, 0.515258, 0.0, 0.0, 0.0, 1.0],
                [-1.0, 0.0, -0.0, -0.211348, -0.0, -0.0, 1.0, -6.902496, -0.0, 1.0, 0.0, 0.515258, 0.0, 0.0, 0.0, 1.0],
                [-1.0, 0.0, -0.0, -0.197717, -0.0, -0.0, 1.0, -6.996679, -0.0, 1.0, 0.0, 0.515258, 0.0, 0.0, 0.0, 1.0],
                [-1.0, 0.0, -0.0, -0.186899, -0.0, -0.0, 1.0, -7.083162, -0.0, 1.0, 0.0, 0.515258, 0.0, 0.0, 0.0, 1.0],
                [-1.0, 0.0, -0.0, -0.179963, -0.0, -0.0, 1.0, -7.170966, -0.0, 1.0, 0.0, 0.515258, 0.0, 0.0, 0.0, 1.0],
                [-1.0, 0.0, -0.0, -0.17128, -0.0, -0.0, 1.0, -7.254562, -0.0, 1.0, 0.0, 0.515258, 0.0, 0.0, 0.0, 1.0],
                [-1.0, 0.0, -0.0, -0.154601, -0.0, -0.0, 1.0, -7.332847, -0.0, 1.0, 0.0, 0.515258, 0.0, 0.0, 0.0, 1.0],
                [-1.0, 0.0, -0.0, -0.134891, -0.0, -0.0, 1.0, -7.406479, -0.0, 1.0, 0.0, 0.515258, 0.0, 0.0, 0.0, 1.0],
                [-1.0, 0.0, -0.0, -0.115619, -0.0, -0.0, 1.0, -7.479005, -0.0, 1.0, 0.0, 0.515258, 0.0, 0.0, 0.0, 1.0],
                [-1.0, 0.0, -0.0, -0.096222, -0.0, -0.0, 1.0, -7.549225, -0.0, 1.0, 0.0, 0.515258, 0.0, 0.0, 0.0, 1.0],
                [-1.0, 0.0, -0.0, -0.080404, -0.0, -0.0, 1.0, -7.615893, -0.0, 1.0, 0.0, 0.515258, 0.0, 0.0, 0.0, 1.0],
                [-1.0, 0.0, -0.0, -0.071245, -0.0, -0.0, 1.0, -7.676524, -0.0, 1.0, 0.0, 0.515257, 0.0, 0.0, 0.0, 1.0],
                [-1.0, 0.0, -0.0, -0.065239, -0.0, -0.0, 1.0, -7.727344, -0.0, 1.0, 0.0, 0.515257, 0.0, 0.0, 0.0, 1.0],
                [-1.0, 0.0, -0.0, -0.058765, -0.0, -0.0, 1.0, -7.770717, -0.0, 1.0, 0.0, 0.515257, 0.0, 0.0, 0.0, 1.0],
                [-1.0, 0.0, -0.0, -0.052329, -0.0, -0.0, 1.0, -7.808685, -0.0, 1.0, 0.0, 0.515257, 0.0, 0.0, 0.0, 1.0],
                [-1.0, 0.0, -0.0, -0.046101, -0.0, -0.0, 1.0, -7.843806, -0.0, 1.0, 0.0, 0.515257, 0.0, 0.0, 0.0, 1.0],
                [-1.0, 0.0, -0.0, -0.040571, -0.0, -0.0, 1.0, -7.873403, -0.0, 1.0, 0.0, 0.515257, 0.0, 0.0, 0.0, 1.0],
                [-1.0, 0.0, -0.0, -0.035955, -0.0, -0.0, 1.0, -7.898078, -0.0, 1.0, 0.0, 0.515257, 0.0, 0.0, 0.0, 1.0],
                [-1.0, 0.0, -0.0, -0.032431, -0.0, -0.0, 1.0, -7.917003, -0.0, 1.0, 0.0, 0.515257, 0.0, 0.0, 0.0, 1.0],
                [-1.0, 0.0, -0.0, -0.02968, -0.0, -0.0, 1.0, -7.930995, -0.0, 1.0, 0.0, 0.515257, 0.0, 0.0, 0.0, 1.0],
                [-1.0, 0.0, -0.0, -0.02768, -0.0, -0.0, 1.0, -7.944987, -0.0, 1.0, 0.0, 0.515257, 0.0, 0.0, 0.0, 1.0],
                [-1.0, 0.0, -0.0, -0.025989, -0.0, -0.0, 1.0, -7.955255, -0.0, 1.0, 0.0, 0.515257, 0.0, 0.0, 0.0, 1.0],
                [-1.0, 0.0, -0.0, -0.024151, -0.0, -0.0, 1.0, -7.965522, -0.0, 1.0, 0.0, 0.515257, 0.0, 0.0, 0.0, 1.0],
                [-1.0, 0.0, -0.0, -0.022611, -0.0, -0.0, 1.0, -7.965522, -0.0, 1.0, 0.0, 0.515257, 0.0, 0.0, 0.0, 1.0],
                [-1.0, 0.0, -0.0, -0.022091, -0.0, -0.0, 1.0, -7.965522, -0.0, 1.0, 0.0, 0.515257, 0.0, 0.0, 0.0, 1.0]
            ]
        },
        {
            "name": "Thigh_R",
            "time": [0.0, 0.0417, 0.0833, 0.125, 0.1667, 0.2083, 0.25, 0.2917, 0.3333, 0.375, 0.4167, 0.4583, 0.5, 0.5417, 0.5833, 0.625, 0.6667, 0.7083, 0.75, 0.7917, 0.8333, 0.875, 0.9167, 0.9583, 1.0, 1.0417, 1.0833, 1.125, 1.1667, 1.2083, 1.25, 1.2917, 1.3333, 1.375, 1.4167, 1.4583, 1.5, 1.5417, 1.5833, 1.625, 1.6667, 1.7083, 1.75, 1.7917, 1.8333, 1.875, 1.9167, 1.9583, 2.0, 2.0417, 2.0833, 2.125, 2.1667, 2.2083, 2.25, 2.2917, 2.3333, 2.375, 2.4167, 2.4583, 2.5, 2.5417, 2.5833, 2.625, 2.6667, 2.7083, 2.75, 2.7917, 2.8333, 2.875, 2.9167, 2.9583, 3.0, 3.0417, 3.0833, 3.125, 3.1667, 3.2083, 3.25, 3.2917, 3.3333, 3.375, 3.4167, 3.4583, 3.5, 3.5417, 3.5833, 3.625, 3.6667, 3.7083, 3.75, 3.7917, 3.8333, 3.875, 3.9167, 3.9583, 4.0, 4.0417, 4.0833],
            "transform": [
                [-0.906712, -0.126387, 0.402375, 0.096351, 0.388405, -0.622066, 0.679837, 0.058239, 0.164381, 0.772698, 0.613123, 0.033027, 0.0, 0.0, 0.0, 1.0],
                [-0.914077, -0.140194, 0.380545, 0.096351, 0.38321, -0.605705, 0.697334, 0.058239, 0.132736, 0.783243, 0.607383, 0.033027, 0.0, 0.0, 0.0, 1.0],
                [-0.920359, -0.150249, 0.361068, 0.096352, 0.375936, -0.59435, 0.710932, 0.058238, 0.107783, 0.790048, 0.603498, 0.033027, 0.0, 0.0, 0.0, 1.0],
                [-0.918843, -0.148903, 0.36546, 0.096351, 0.377056, -0.604548, 0.701679, 0.058238, 0.116456, 0.782529, 0.611629, 0.033027, 0.0, 0.0, 0.0, 1.0],
                [-0.923949, -0.143171, 0.354718, 0.096352, 0.361692, -0.628811, 0.688316, 0.058239, 0.124504, 0.764265, 0.632772, 0.033027, 0.0, 0.0, 0.0, 1.0],
                [-0.917283, -0.121362, 0.379301, 0.096351, 0.371762, -0.602461, 0.706284, 0.058238, 0.142798, 0.788869, 0.597744, 0.033027, 0.0, 0.0, 0.0, 1.0],
                [-0.90647, -0.097866, 0.410779, 0.096352, 0.388115, -0.576378, 0.719137, 0.058238, 0.166385, 0.811303, 0.560452, 0.033027, 0.0, 0.0, 0.0, 1.0],
                [-0.890085, -0.083257, 0.448132, 0.096351, 0.412112, -0.567028, 0.713194, 0.058239, 0.194725, 0.819481, 0.539013, 0.033027, 0.0, 0.0, 0.0, 1.0],
                [-0.875653, -0.083709, 0.475637, 0.096352, 0.429632, -0.584839, 0.688028, 0.058238, 0.220577, 0.806819, 0.548079, 0.033027, 0.0, 0.0, 0.0, 1.0],
                [-0.869518, -0.102386, 0.483178, 0.096351, 0.436807, -0.616019, 0.655533, 0.058239, 0.23053, 0.78105, 0.580361, 0.033027, 0.0, 0.0, 0.0, 1.0],
                [-0.878909, -0.145557, 0.454244, 0.096352, 0.433529, -0.64094, 0.633444, 0.058238, 0.198941, 0.753665, 0.62643, 0.033027, 0.0, 0.0, 0.0, 1.0],
                [-0.877973, -0.186994, 0.440684, 0.096351, 0.441342, -0.672763, 0.59381, 0.058238, 0.185437, 0.715839, 0.673194, 0.033027, 0.0, 0.0, 0.0, 1.0],
                [-0.874356, -0.230716, 0.426938, 0.096352, 0.453487, -0.701684, 0.549538, 0.058239, 0.172788, 0.6741, 0.718148, 0.033027, 0.0, 0.0, 0.0, 1.0],
                [-0.873305, -0.272887, 0.40358, 0.096352, 0.462646, -0.724106, 0.511499, 0.058239, 0.152653, 0.633407, 0.758614, 0.033027, 0.0, 0.0, 0.0, 1.0],
                [-0.877504, -0.296174, 0.377192, 0.096351, 0.460967, -0.737864, 0.493019, 0.058238, 0.132297, 0.606497, 0.784004, 0.033027, 0.0, 0.0, 0.0, 1.0],
                [-0.876114, -0.314022, 0.365813, 0.096352, 0.46586, -0.746758, 0.474689, 0.058238, 0.12411, 0.586298, 0.800534, 0.033027, 0.0, 0.0, 0.0, 1.0],
                [-0.870227, -0.319593, 0.374928, 0.096352, 0.474346, -0.7491, 0.462438, 0.058238, 0.133066, 0.580269, 0.803483, 0.033027, 0.0, 0.0, 0.0, 1.0],
                [-0.864214, -0.307784, 0.398008, 0.096352, 0.483698, -0.725983, 0.488864, 0.058238, 0.138482, 0.614996, 0.776277, 0.033027, 0.0, 0.0, 0.0, 1.0],
                [-0.860733, -0.295717, 0.414361, 0.096351, 0.490035, -0.70177, 0.517095, 0.058239, 0.137872, 0.64813, 0.748947, 0.033027, 0.0, 0.0, 0.0, 1.0],
                [-0.853782, -0.279856, 0.439024, 0.096352, 0.500022, -0.675693, 0.541682, 0.058239, 0.145053, 0.681998, 0.716827, 0.033027, 0.0, 0.0, 0.0, 1.0],
                [-0.844775, -0.257409, 0.469149, 0.096351, 0.510954, -0.648519, 0.564227, 0.058238, 0.159014, 0.716356, 0.679375, 0.033027, 0.0, 0.0, 0.0, 1.0],
                [-0.835241, -0.230628, 0.499187, 0.096351, 0.521725, -0.619165, 0.586891, 0.058239, 0.173726, 0.750631, 0.637475, 0.033027, 0.0, 0.0, 0.0, 1.0],
                [-0.829461, -0.204488, 0.519792, 0.096352, 0.527613, -0.592324, 0.608917, 0.058239, 0.183369, 0.779319, 0.599199, 0.033027, 0.0, 0.0, 0.0, 1.0],
                [-0.830045, -0.182312, 0.52706, 0.096351, 0.527582, -0.563058, 0.636102, 0.058238, 0.180796, 0.806058, 0.563548, 0.033027, 0.0, 0.0, 0.0, 1.0],
                [-0.832147, -0.159027, 0.53127, 0.096351, 0.525133, -0.533888, 0.662723, 0.058239, 0.178248, 0.830467, 0.527783, 0.033027, 0.0, 0.0, 0.0, 1.0],
                [-0.835765, -0.138928, 0.531227, 0.096351, 0.521763, -0.502356, 0.689497, 0.058238, 0.171074, 0.853428, 0.492338, 0.033027, 0.0, 0.0, 0.0, 1.0],
                [-0.819491, -0.100516, 0.564213, 0.096352, 0.537564, -0.476089, 0.695966, 0.058238, 0.19866, 0.873635, 0.444184, 0.033027, 0.0, 0.0, 0.0, 1.0],
                [-0.800228, -0.056843, 0.597, 0.096352, 0.553272, -0.454045, 0.698382, 0.058238, 0.231366, 0.889165, 0.394788, 0.033027, 0.0, 0.0, 0.0, 1.0],
                [-0.799275, -0.03363, 0.600028, 0.096351, 0.560762, -0.400799, 0.724506, 0.058239, 0.216125, 0.91555, 0.339206, 0.033027, 0.0, 0.0, 0.0, 1.0],
                [-0.821353, -0.043213, 0.568786, 0.096351, 0.557455, -0.272228, 0.784308, 0.058239, 0.120947, 0.961263, 0.247684, 0.033027, 0.0, 0.0, 0.0, 1.0],
                [-0.850387, -0.096078, 0.517315, 0.096352, 0.525161, -0.094363, 0.845757, 0.058239, -0.032443, 0.990892, 0.130701, 0.033027, 0.0, 0.0, 0.0, 1.0],
                [-0.86285, -0.163332, 0.47835, 0.096352, 0.473362, 0.070787, 0.878021, 0.058239, -0.17727, 0.984029, 0.016236, 0.033027, 0.0, 0.0, 0.0, 1.0],
                [-0.841919, -0.127816, 0.524252, 0.096352, 0.502783, 0.166939, 0.848141, 0.058239, -0.195925, 0.977648, -0.076286, 0.033027, 0.0, 0.0, 0.0, 1.0],
                [-0.829495, -0.113297, 0.546906, 0.096351, 0.511701, 0.238283, 0.825462, 0.058239, -0.223841, 0.964566, -0.13968, 0.033027, 0.0, 0.0, 0.0, 1.0],
                [-0.851715, -0.140706, 0.504765, 0.096352, 0.459751, 0.261536, 0.848664, 0.058238, -0.251426, 0.954884, -0.158065, 0.033027, 0.0, 0.0, 0.0, 1.0],
                [-0.882974, -0.164896, 0.439513, 0.096351, 0.392577, 0.253965, 0.883962, 0.058239, -0.257382, 0.953055, -0.15951, 0.033027, 0.0, 0.0, 0.0, 1.0],
                [-0.901781, -0.186811, 0.38974, 0.096352, 0.339002, 0.25363, 0.905954, 0.058239, -0.268092, 0.949092, -0.16539, 0.033027, 0.0, 0.0, 0.0, 1.0],
                [-0.909516, -0.221851, 0.351523, 0.096351, 0.300822, 0.232318, 0.924953, 0.058238, -0.286867, 0.947002, -0.14456, 0.033027, 0.0, 0.0, 0.0, 1.0],
                [-0.924316, -0.297841, 0.238613, 0.096351, 0.216185, 0.106615, 0.970516, 0.058238, -0.314499, 0.948644, -0.034158, 0.033027, 0.0, 0.0, 0.0, 1.0],
                [-0.93462, -0.355369, -0.014258, 0.096351, 0.046699, -0.162365, 0.985627, 0.058239, -0.352576, 0.920518, 0.168344, 0.033027, 0.0, 0.0, 0.0, 1.0],
                [-0.896871, -0.291714, -0.332461, 0.096351, -0.203097, -0.396118, 0.895458, 0.058239, -0.392912, 0.870629, 0.29602, 0.033027, 0.0, 0.0, 0.0, 1.0],
                [-0.843317, -0.326557, -0.426827, 0.096352, -0.263257, -0.441385, 0.857833, 0.058239, -0.468526, 0.835788, 0.286259, 0.033027, 0.0, 0.0, 0.0, 1.0],
                [-0.747395, -0.318045, -0.583312, 0.096351, -0.429391, -0.438734, 0.789392, 0.058238, -0.50698, 0.840453, 0.191342, 0.033027, 0.0, 0.0, 0.0, 1.0],
                [-0.662803, -0.387918, -0.640481, 0.096351, -0.450916, -0.476099, 0.754989, 0.058238, -0.597806, 0.789209, 0.140642, 0.033027, 0.0, 0.0, 0.0, 1.0],
                [-0.609994, -0.541133, -0.578867, 0.096351, -0.409875, -0.409732, 0.814939, 0.058238, -0.67817, 0.734368, 0.028137, 0.033027, 0.0, 0.0, 0.0, 1.0],
                [-0.545393, -0.658488, -0.518597, 0.096351, -0.370154, -0.365898, 0.853878, 0.058238, -0.752022, 0.657658, -0.044184, 0.033027, 0.0, 0.0, 0.0, 1.0],
                [-0.485721, -0.720581, -0.494814, 0.096352, -0.3643, -0.347695, 0.863943, 0.058239, -0.794585, 0.599893, -0.093625, 0.033027, 0.0, 0.0, 0.0, 1.0],
                [-0.437456, -0.744117, -0.504901, 0.096351, -0.379248, -0.356431, 0.853892, 0.058239, -0.815358, 0.565021, -0.126282, 0.033027, 0.0, 0.0, 0.0, 1.0],
                [-0.420686, -0.739652, -0.525301, 0.096351, -0.374274, -0.385957, 0.843184, 0.058239, -0.826406, 0.551321, -0.114466, 0.033027, 0.0, 0.0, 0.0, 1.0],
                [-0.414267, -0.786063, -0.458792, 0.096351, -0.353804, -0.325355, 0.87691, 0.058239, -0.838576, 0.525596, -0.143329, 0.033027, 0.0, 0.0, 0.0, 1.0],
                [-0.416681, -0.829442, -0.372029, 0.096351, -0.303401, -0.258892, 0.91702, 0.058239, -0.856931, 0.494977, -0.143778, 0.033027, 0.0, 0.0, 0.0, 1.0],
                [-0.429023, -0.856507, -0.286946, 0.096352, -0.236967, -0.199823, 0.950748, 0.058238, -0.87166, 0.475888, -0.117235, 0.033027, 0.0, 0.0, 0.0, 1.0],
                [-0.448564, -0.867512, -0.214978, 0.096352, -0.162326, -0.157456, 0.974095, 0.058238, -0.878889, 0.471838, -0.070192, 0.033027, 0.0, 0.0, 0.0, 1.0],
                [-0.465651, -0.868841, -0.168188, 0.096351, -0.097614, -0.138464, 0.985547, 0.058238, -0.879572, 0.475337, -0.020335, 0.033027, 0.0, 0.0, 0.0, 1.0],
                [-0.476398, -0.866237, -0.150605, 0.096352, -0.059742, -0.139005, 0.98849, 0.058238, -0.877201, 0.47991, 0.01447, 0.033027, 0.0, 0.0, 0.0, 1.0],
                [-0.480518, -0.861993, -0.161473, 0.096351, -0.049488, -0.157178, 0.986332, 0.058238, -0.87559, 0.481939, 0.032868, 0.033027, 0.0, 0.0, 0.0, 1.0],
                [-0.477553, -0.857356, -0.192057, 0.096351, -0.054522, -0.189255, 0.980415, 0.058238, -0.876913, 0.47867, 0.043634, 0.033027, 0.0, 0.0, 0.0, 1.0],
                [-0.472189, -0.850231, -0.232696, 0.096351, -0.055684, -0.23468, 0.970478, 0.058239, -0.87974, 0.471205, 0.063469, 0.033027, 0.0, 0.0, 0.0, 1.0],
                [-0.468522, -0.841324, -0.269561, 0.096352, -0.039434, -0.284903, 0.957747, 0.058238, -0.882574, 0.459354, 0.100306, 0.033028, 0.0, 0.0, 0.0, 1.0],
                [-0.467537, -0.833885, -0.293341, 0.096351, 0.005802, -0.334731, 0.942298, 0.058238, -0.883958, 0.438855, 0.161337, 0.033027, 0.0, 0.0, 0.0, 1.0],
                [-0.471417, -0.826863, -0.306702, 0.096352, 0.079398, -0.386149, 0.919015, 0.058239, -0.878332, 0.408886, 0.247688, 0.033027, 0.0, 0.0, 0.0, 1.0],
                [-0.480659, -0.814438, -0.325055, 0.096352, 0.15411, -0.443367, 0.882994, 0.058238, -0.863263, 0.374323, 0.33862, 0.033027, 0.0, 0.0, 0.0, 1.0],
                [-0.492739, -0.792259, -0.359912, 0.096351, 0.208926, -0.509219, 0.834895, 0.058239, -0.844727, 0.336189, 0.416434, 0.033027, 0.0, 0.0, 0.0, 1.0],
                [-0.507334, -0.758322, -0.409344, 0.096351, 0.243361, -0.581756, 0.776105, 0.058239, -0.826676, 0.294126, 0.47969, 0.033028, 0.0, 0.0, 0.0, 1.0],
                [-0.523959, -0.713882, -0.46459, 0.096351, 0.264991, -0.655012, 0.707631, 0.058238, -0.809477, 0.247657, 0.532371, 0.033027, 0.0, 0.0, 0.0, 1.0],
                [-0.544575, -0.663065, -0.513601, 0.096352, 0.284186, -0.722021, 0.630815, 0.058238, -0.789102, 0.197567, 0.581627, 0.033028, 0.0, 0.0, 0.0, 1.0],
                [-0.574566, -0.611469, -0.544043, 0.096351, 0.283422, -0.772234, 0.56862, 0.058238, -0.767822, 0.172516, 0.617003, 0.033027, 0.0, 0.0, 0.0, 1.0],
                [-0.618296, -0.579455, -0.530985, 0.096351, 0.218649, -0.775746, 0.591957, 0.058239, -0.754922, 0.249905, 0.606337, 0.033027, 0.0, 0.0, 0.0, 1.0],
                [-0.676257, -0.538745, -0.502427, 0.096351, 0.140005, -0.763589, 0.630343, 0.058239, -0.723242, 0.355931, 0.591809, 0.033027, 0.0, 0.0, 0.0, 1.0],
                [-0.736915, -0.499709, -0.455249, 0.096352, 0.055875, -0.71618, 0.695677, 0.058239, -0.673676, 0.487216, 0.555684, 0.033027, 0.0, 0.0, 0.0, 1.0],
                [-0.786072, -0.458436, -0.414647, 0.096351, -0.025763, -0.645919, 0.762973, 0.058238, -0.617603, 0.610432, 0.495927, 0.033027, 0.0, 0.0, 0.0, 1.0],
                [-0.817396, -0.428689, -0.38483, 0.096351, -0.104617, -0.546445, 0.830937, 0.058238, -0.566501, 0.719462, 0.401813, 0.033028, 0.0, 0.0, 0.0, 1.0],
                [-0.83785, -0.405912, -0.365031, 0.096351, -0.173641, -0.435785, 0.883144, 0.058238, -0.517554, 0.803324, 0.294638, 0.033028, 0.0, 0.0, 0.0, 1.0],
                [-0.848438, -0.389766, -0.358105, 0.096352, -0.233438, -0.331666, 0.914061, 0.058239, -0.475042, 0.859116, 0.190412, 0.033027, 0.0, 0.0, 0.0, 1.0],
                [-0.861351, -0.368425, -0.349775, 0.096352, -0.270084, -0.251043, 0.929535, 0.058238, -0.430272, 0.895122, 0.116731, 0.033028, 0.0, 0.0, 0.0, 1.0],
                [-0.879929, -0.342186, -0.329603, 0.096352, -0.278686, -0.190123, 0.941377, 0.058239, -0.384791, 0.920198, 0.071932, 0.033027, 0.0, 0.0, 0.0, 1.0],
                [-0.900923, -0.311236, -0.302449, 0.096352, -0.268138, -0.148784, 0.951824, 0.058239, -0.341241, 0.938614, 0.050588, 0.033028, 0.0, 0.0, 0.0, 1.0],
                [-0.925886, -0.274827, -0.259248, 0.096351, -0.229881, -0.134747, 0.963847, 0.058239, -0.299824, 0.952006, 0.061582, 0.033027, 0.0, 0.0, 0.0, 1.0],
                [-0.947862, -0.238743, -0.211101, 0.096352, -0.176445, -0.158472, 0.971472, 0.058239, -0.265386, 0.958066, 0.108084, 0.033026, 0.0, 0.0, 0.0, 1.0],
                [-0.963888, -0.21008, -0.16368, 0.096351, -0.117798, -0.214895, 0.969509, 0.058239, -0.238848, 0.953776, 0.182388, 0.033027, 0.0, 0.0, 0.0, 1.0],
                [-0.97194, -0.192532, -0.135164, 0.096351, -0.075321, -0.289626, 0.954174, 0.058238, -0.222856, 0.937576, 0.266996, 0.033027, 0.0, 0.0, 0.0, 1.0],
                [-0.973854, -0.183859, -0.13345, 0.096351, -0.059143, -0.361981, 0.930309, 0.058238, -0.219352, 0.913875, 0.341642, 0.033027, 0.0, 0.0, 0.0, 1.0],
                [-0.97224, -0.181411, -0.147798, 0.096352, -0.060776, -0.414176, 0.908168, 0.058239, -0.225966, 0.891936, 0.391652, 0.033027, 0.0, 0.0, 0.0, 1.0],
                [-0.971593, -0.183237, -0.149791, 0.096351, -0.052761, -0.449285, 0.891831, 0.058238, -0.230715, 0.874396, 0.426854, 0.033027, 0.0, 0.0, 0.0, 1.0],
                [-0.97443, -0.181083, -0.133044, 0.096351, -0.03252, -0.472207, 0.880889, 0.058238, -0.222338, 0.862688, 0.454244, 0.033027, 0.0, 0.0, 0.0, 1.0],
                [-0.981583, -0.17377, -0.079393, 0.096351, 0.015578, -0.48698, 0.873276, 0.058239, -0.190412, 0.855953, 0.480717, 0.033028, 0.0, 0.0, 0.0, 1.0],
                [-0.986555, -0.162902, 0.013291, 0.096351, 0.093666, -0.49686, 0.862763, 0.058238, -0.133942, 0.852405, 0.505438, 0.033027, 0.0, 0.0, 0.0, 1.0],
                [-0.98055, -0.149377, 0.127335, 0.096351, 0.186746, -0.510183, 0.839549, 0.058238, -0.060445, 0.846996, 0.528154, 0.033027, 0.0, 0.0, 0.0, 1.0],
                [-0.954815, -0.130911, 0.266826, 0.096351, 0.294547, -0.536708, 0.790689, 0.058238, 0.039698, 0.833552, 0.551016, 0.033027, 0.0, 0.0, 0.0, 1.0],
                [-0.918287, -0.123128, 0.37629, 0.096352, 0.375468, -0.572357, 0.728996, 0.058239, 0.125612, 0.810709, 0.571817, 0.033027, 0.0, 0.0, 0.0, 1.0],
                [-0.894337, -0.117756, 0.431627, 0.096352, 0.410296, -0.600546, 0.686298, 0.058238, 0.178396, 0.790873, 0.585404, 0.033028, 0.0, 0.0, 0.0, 1.0],
                [-0.885804, -0.112279, 0.450279, 0.096352, 0.416396, -0.620655, 0.664384, 0.058238, 0.204871, 0.776005, 0.59653, 0.033028, 0.0, 0.0, 0.0, 1.0],
                [-0.884282, -0.107614, 0.454389, 0.096351, 0.412145, -0.637309, 0.651135, 0.058239, 0.219515, 0.763059, 0.607913, 0.033027, 0.0, 0.0, 0.0, 1.0],
                [-0.88103, -0.107298, 0.460738, 0.096352, 0.414456, -0.644628, 0.642405, 0.058239, 0.228076, 0.75693, 0.612406, 0.033028, 0.0, 0.0, 0.0, 1.0],
                [-0.879317, -0.108403, 0.463742, 0.096351, 0.416332, -0.647791, 0.637996, 0.058239, 0.231247, 0.754068, 0.614743, 0.033026, 0.0, 0.0, 0.0, 1.0],
                [-0.878863, -0.109857, 0.46426, 0.096352, 0.416911, -0.649927, 0.635439, 0.058239, 0.231928, 0.752016, 0.616997, 0.033027, 0.0, 0.0, 0.0, 1.0],
                [-0.878392, -0.112609, 0.464491, 0.096351, 0.417869, -0.652662, 0.631998, 0.058239, 0.231987, 0.749236, 0.620348, 0.033027, 0.0, 0.0, 0.0, 1.0],
                [-0.877924, -0.111821, 0.465566, 0.096351, 0.417871, -0.653633, 0.630992, 0.058239, 0.233751, 0.748507, 0.620565, 0.033026, 0.0, 0.0, 0.0, 1.0],
                [-0.877886, -0.111151, 0.465797, 0.096351, 0.417193, -0.655051, 0.629969, 0.058238, 0.235099, 0.747365, 0.621431, 0.033026, 0.0, 0.0, 0.0, 1.0]
            ]
        },
        {
            "name": "Leg_R",
            "time": [0.0, 0.0417, 0.0833, 0.125, 0.1667, 0.2083, 0.25, 0.2917, 0.3333, 0.375, 0.4167, 0.4583, 0.5, 0.5417, 0.5833, 0.625, 0.6667, 0.7083, 0.75, 0.7917, 0.8333, 0.875, 0.9167, 0.9583, 1.0, 1.0417, 1.0833, 1.125, 1.1667, 1.2083, 1.25, 1.2917, 1.3333, 1.375, 1.4167, 1.4583, 1.5, 1.5417, 1.5833, 1.625, 1.6667, 1.7083, 1.75, 1.7917, 1.8333, 1.875, 1.9167, 1.9583, 2.0, 2.0417, 2.0833, 2.125, 2.1667, 2.2083, 2.25, 2.2917, 2.3333, 2.375, 2.4167, 2.4583, 2.5, 2.5417, 2.5833, 2.625, 2.6667, 2.7083, 2.75, 2.7917, 2.8333, 2.875, 2.9167, 2.9583, 3.0, 3.0417, 3.0833, 3.125, 3.1667, 3.2083, 3.25, 3.2917, 3.3333, 3.375, 3.4167, 3.4583, 3.5, 3.5417, 3.5833, 3.625, 3.6667, 3.7083, 3.75, 3.7917, 3.8333, 3.875, 3.9167, 3.9583, 4.0, 4.0417, 4.0833],
            "transform": [
                [0.999999, 0.0, 0.0, -0.0, -0.0, 0.595071, 0.803675, 0.37472, 0.0, -0.803674, 0.595072, -0.0, 0.0, 0.0, 0.0, 1.0],
                [0.999999, 0.0, 0.0, 0.0, -0.0, 0.597733, 0.801697, 0.37472, 0.0, -0.801696, 0.597734, 0.0, 0.0, 0.0, 0.0, 1.0],
                [0.999999, 0.0, -0.0, -0.0, 0.0, 0.613575, 0.789638, 0.37472, 0.0, -0.789636, 0.613576, 0.0, 0.0, 0.0, 0.0, 1.0],
                [0.999999, -0.0, -0.0, -0.0, 0.0, 0.63967, 0.768651, 0.37472, 0.0, -0.76865, 0.639671, -0.0, 0.0, 0.0, 0.0, 1.0],
                [0.999999, -0.0, -0.0, -0.0, 0.0, 0.667445, 0.74466, 0.37472, -0.0, -0.744659, 0.667446, 0.0, 0.0, 0.0, 0.0, 1.0],
                [0.999999, 0.0, -0.0, 0.0, 0.0, 0.629662, 0.776871, 0.37472, 0.0, -0.77687, 0.629663, 0.0, 0.0, 0.0, 0.0, 1.0],
                [0.999999, 0.0, -0.0, 0.0, 0.0, 0.597068, 0.802192, 0.37472, 0.0, -0.802191, 0.597069, 0.0, 0.0, 0.0, 0.0, 1.0],
                [0.999999, -0.0, 0.0, 0.0, 0.0, 0.588396, 0.808574, 0.37472, -0.0, -0.808573, 0.588397, 0.0, 0.0, 0.0, 0.0, 1.0],
                [0.999999, -0.0, 0.0, 0.0, 0.0, 0.612731, 0.790293, 0.37472, 0.0, -0.790292, 0.612732, 0.0, 0.0, 0.0, 0.0, 1.0],
                [0.999999, 0.0, 0.0, 0.0, -0.0, 0.661827, 0.749658, 0.37472, 0.0, -0.749656, 0.661829, 0.0, 0.0, 0.0, 0.0, 1.0],
                [0.999999, -0.0, 0.0, 0.0, 0.0, 0.718233, 0.695804, 0.37472, -0.0, -0.695803, 0.718234, -0.0, 0.0, 0.0, 0.0, 1.0],
                [0.999999, -0.0, 0.0, 0.0, 0.0, 0.777525, 0.628853, 0.37472, -0.0, -0.628852, 0.777527, 0.0, 0.0, 0.0, 0.0, 1.0],
                [0.999999, 0.0, -0.0, 0.0, -0.0, 0.833121, 0.553093, 0.37472, 0.0, -0.553092, 0.833122, -0.0, 0.0, 0.0, 0.0, 1.0],
                [0.999999, -0.0, -0.0, -0.0, 0.0, 0.877059, 0.480384, 0.37472, -0.0, -0.480384, 0.87706, 0.0, 0.0, 0.0, 0.0, 1.0],
                [0.999999, 0.0, -0.0, -0.0, -0.0, 0.89663, 0.442781, 0.37472, 0.0, -0.442781, 0.896631, -0.0, 0.0, 0.0, 0.0, 1.0],
                [0.999999, 0.0, 0.0, 0.0, -0.0, 0.899635, 0.436644, 0.37472, 0.0, -0.436644, 0.899635, 0.0, 0.0, 0.0, 0.0, 1.0],
                [0.999999, 0.0, -0.0, -0.0, -0.0, 0.891034, 0.453939, 0.37472, 0.0, -0.453939, 0.891034, -0.0, 0.0, 0.0, 0.0, 1.0],
                [0.999999, 0.0, -0.0, 0.0, -0.0, 0.833553, 0.552441, 0.37472, 0.0, -0.55244, 0.833554, 0.0, 0.0, 0.0, 0.0, 1.0],
                [0.999999, 0.0, -0.0, 0.0, -0.0, 0.774892, 0.632095, 0.37472, 0.0, -0.632094, 0.774893, -0.0, 0.0, 0.0, 0.0, 1.0],
                [0.999999, 0.0, 0.0, -0.0, -0.0, 0.711452, 0.702736, 0.37472, 0.0, -0.702735, 0.711453, -0.0, 0.0, 0.0, 0.0, 1.0],
                [0.999999, 0.0, 0.0, -0.0, -0.0, 0.637074, 0.770803, 0.37472, 0.0, -0.770802, 0.637075, -0.0, 0.0, 0.0, 0.0, 1.0],
                [0.999999, 0.0, 0.0, -0.0, -0.0, 0.554613, 0.83211, 0.37472, 0.0, -0.832109, 0.554614, -0.0, 0.0, 0.0, 0.0, 1.0],
                [0.999999, -0.0, -0.0, 0.0, 0.0, 0.469288, 0.883047, 0.37472, -0.0, -0.883045, 0.469289, 0.0, 0.0, 0.0, 0.0, 1.0],
                [0.999999, 0.0, 0.0, 0.0, -0.0, 0.385021, 0.92291, 0.37472, 0.0, -0.922908, 0.385021, -0.0, 0.0, 0.0, 0.0, 1.0],
                [0.999999, -0.0, 0.0, 0.0, -0.0, 0.297656, 0.954675, 0.37472, -0.0, -0.954673, 0.297657, -0.0, 0.0, 0.0, 0.0, 1.0],
                [0.999999, 0.0, 0.0, 0.0, -0.0, 0.201305, 0.979531, 0.37472, 0.0, -0.979529, 0.201305, -0.0, 0.0, 0.0, 0.0, 1.0],
                [0.999999, 0.0, -0.0, 0.0, 0.0, 0.088655, 0.996064, 0.37472, 0.0, -0.996062, 0.088655, -0.0, 0.0, 0.0, 0.0, 1.0],
                [0.999999, -0.0, -0.0, 0.0, 0.0, -0.032654, 0.999469, 0.37472, -0.0, -0.999467, -0.032654, -0.0, 0.0, 0.0, 0.0, 1.0],
                [0.999999, -0.0, -0.0, 0.0, 0.0, -0.157367, 0.987542, 0.37472, -0.0, -0.987541, -0.157367, -0.0, 0.0, 0.0, 0.0, 1.0],
                [0.999999, 0.0, -1e-06, 0.0, 1e-06, -0.271117, 0.962548, 0.37472, 0.0, -0.962547, -0.271118, 0.0, 0.0, 0.0, 0.0, 1.0],
                [0.999999, 1e-06, -1e-06, 0.0, 1e-06, -0.338373, 0.941015, 0.37472, 0.0, -0.941012, -0.338373, 0.0, 0.0, 0.0, 0.0, 1.0],
                [0.999999, 1e-06, -1e-06, 0.0, 1e-06, -0.38738, 0.921923, 0.37472, 0.0, -0.921919, -0.387382, 0.0, 0.0, 0.0, 0.0, 1.0],
                [0.999999, 1e-06, -1e-06, 0.0, 1e-06, -0.462512, 0.886616, 0.37472, 1e-06, -0.886612, -0.462514, 0.0, 0.0, 0.0, 0.0, 1.0],
                [0.999999, 1e-06, -0.0, 0.0, 1e-06, -0.495761, 0.868461, 0.37472, 1e-06, -0.868458, -0.495763, -0.0, 0.0, 0.0, 0.0, 1.0],
                [0.999999, 1e-06, -0.0, 0.0, 1e-06, -0.450068, 0.892997, 0.37472, 1e-06, -0.892993, -0.45007, 0.0, 0.0, 0.0, 0.0, 1.0],
                [0.999999, 1e-06, 0.0, -0.0, 0.0, -0.3141, 0.949393, 0.37472, 1e-06, -0.949389, -0.314101, -0.0, 0.0, 0.0, 0.0, 1.0],
                [0.999999, 1e-06, 0.0, 0.0, -0.0, -0.126391, 0.991983, 0.37472, 1e-06, -0.99198, -0.126391, 0.0, 0.0, 0.0, 0.0, 1.0],
                [0.999999, 1e-06, 1e-06, -0.0, -1e-06, 0.121577, 0.992585, 0.37472, 1e-06, -0.992582, 0.121577, 0.0, 0.0, 0.0, 0.0, 1.0],
                [0.999999, 1e-06, 1e-06, 0.0, -1e-06, 0.511724, 0.859151, 0.37472, 0.0, -0.85915, 0.511725, 0.0, 0.0, 0.0, 0.0, 1.0],
                [0.999999, 0.0, 0.0, -0.0, -1e-06, 0.90329, 0.429031, 0.37472, -0.0, -0.429031, 0.903291, 0.0, 0.0, 0.0, 0.0, 1.0],
                [0.999999, 0.0, -0.0, 0.0, -0.0, 1.000002, 0.000845, 0.37472, 0.0, -0.000845, 1.0, -0.0, 0.0, 0.0, 0.0, 1.0],
                [0.999999, 0.0, -0.0, -0.0, -0.0, 1.000002, 0.000845, 0.37472, 0.0, -0.000845, 0.999999, -0.0, 0.0, 0.0, 0.0, 1.0],
                [0.999999, -0.0, -0.0, -0.0, 0.0, 1.000002, 0.000845, 0.37472, 0.0, -0.000845, 0.999999, 0.0, 0.0, 0.0, 0.0, 1.0],
                [0.999999, 0.0, -0.0, -0.0, -0.0, 1.000002, 0.000844, 0.37472, 0.0, -0.000844, 1.0, -0.0, 0.0, 0.0, 0.0, 1.0],
                [0.999999, 0.0, -0.0, -0.0, -0.0, 0.953505, 0.301381, 0.37472, 0.0, -0.301382, 0.953504, -0.0, 0.0, 0.0, 0.0, 1.0],
                [0.999999, -0.0, -0.0, 0.0, 0.0, 0.853509, 0.521079, 0.37472, 0.0, -0.521079, 0.85351, -0.0, 0.0, 0.0, 0.0, 1.0],
                [0.999999, -0.0, -1e-06, 0.0, 1e-06, 0.755517, 0.65513, 0.37472, 0.0, -0.655129, 0.755518, 0.0, 0.0, 0.0, 0.0, 1.0],
                [0.999999, -1e-06, -1e-06, 0.0, 1e-06, 0.675319, 0.737526, 0.37472, -0.0, -0.737525, 0.675321, -0.0, 0.0, 0.0, 0.0, 1.0],
                [0.999999, -1e-06, -1e-06, 0.0, 2e-06, 0.630194, 0.776439, 0.37472, -0.0, -0.776438, 0.630195, 0.0, 0.0, 0.0, 0.0, 1.0],
                [0.999999, -1e-06, -2e-06, -0.0, 2e-06, 0.450302, 0.892878, 0.37472, -1e-06, -0.892876, 0.450303, 0.0, 0.0, 0.0, 0.0, 1.0],
                [0.999999, -2e-06, -2e-06, 0.0, 3e-06, 0.243456, 0.969913, 0.37472, -1e-06, -0.969913, 0.243456, -0.0, 0.0, 0.0, 0.0, 1.0],
                [0.999999, -2e-06, -3e-06, -0.0, 3e-06, 0.043906, 0.999036, 0.37472, -2e-06, -0.999037, 0.043906, -0.0, 0.0, 0.0, 0.0, 1.0],
                [0.999999, -2e-06, -3e-06, -0.0, 3e-06, -0.127338, 0.991859, 0.37472, -2e-06, -0.991861, -0.127338, -0.0, 0.0, 0.0, 0.0, 1.0],
                [0.999999, -2e-06, -3e-06, -0.0, 2e-06, -0.255997, 0.966677, 0.37472, -3e-06, -0.96668, -0.255996, 0.0, 0.0, 0.0, 0.0, 1.0],
                [0.999999, -2e-06, -3e-06, -0.0, 2e-06, -0.334063, 0.94255, 0.37472, -3e-06, -0.942554, -0.334062, -0.0, 0.0, 0.0, 0.0, 1.0],
                [0.999999, -2e-06, -3e-06, -0.0, 2e-06, -0.373524, 0.92762, 0.37472, -3e-06, -0.927625, -0.373522, 0.0, 0.0, 0.0, 0.0, 1.0],
                [0.999999, -2e-06, -3e-06, 0.0, 1e-06, -0.386868, 0.922134, 0.37472, -3e-06, -0.922139, -0.386866, -0.0, 0.0, 0.0, 0.0, 1.0],
                [0.999999, -2e-06, -3e-06, -0.0, 2e-06, -0.381229, 0.92448, 0.37472, -3e-06, -0.924484, -0.381227, -0.0, 0.0, 0.0, 0.0, 1.0],
                [0.999999, -2e-06, -3e-06, 0.0, 2e-06, -0.364843, 0.931068, 0.37472, -3e-06, -0.931072, -0.364842, -0.0, 0.0, 0.0, 0.0, 1.0],
                [0.999999, -2e-06, -3e-06, 0.0, 2e-06, -0.343741, 0.939064, 0.37472, -3e-06, -0.939068, -0.34374, -0.0, 0.0, 0.0, 0.0, 1.0],
                [0.999999, -2e-06, -2e-06, 0.0, 2e-06, -0.322187, 0.946675, 0.37472, -3e-06, -0.946679, -0.322186, -0.0, 0.0, 0.0, 0.0, 1.0],
                [0.999999, -2e-06, -2e-06, -0.0, 1e-06, -0.287685, 0.957725, 0.37472, -3e-06, -0.957728, -0.287684, -0.0, 0.0, 0.0, 0.0, 1.0],
                [0.999999, -2e-06, -2e-06, -0.0, 1e-06, -0.223233, 0.974765, 0.37472, -2e-06, -0.974767, -0.223232, 0.0, 0.0, 0.0, 0.0, 1.0],
                [0.999999, -2e-06, -2e-06, 0.0, 2e-06, -0.127503, 0.991839, 0.37472, -2e-06, -0.99184, -0.127503, 0.0, 0.0, 0.0, 0.0, 1.0],
                [0.999999, -2e-06, -2e-06, 1e-06, 2e-06, -0.015418, 0.999883, 0.37472, -2e-06, -0.999882, -0.015418, -0.0, 0.0, 0.0, 0.0, 1.0],
                [0.999999, -2e-06, -2e-06, 0.0, 2e-06, 0.102715, 0.994712, 0.37472, -2e-06, -0.994711, 0.102715, -0.0, 0.0, 0.0, 0.0, 1.0],
                [0.999999, -2e-06, -2e-06, -1e-06, 2e-06, 0.19796, 0.980212, 0.37472, -1e-06, -0.98021, 0.19796, 0.0, 0.0, 0.0, 0.0, 1.0],
                [0.999999, -2e-06, -2e-06, -0.0, 2e-06, 0.191936, 0.98141, 0.37472, -2e-06, -0.981408, 0.191936, 0.0, 0.0, 0.0, 0.0, 1.0],
                [0.999999, -2e-06, -2e-06, -0.0, 2e-06, 0.171259, 0.985228, 0.37472, -2e-06, -0.985226, 0.171259, 0.0, 0.0, 0.0, 0.0, 1.0],
                [0.999999, -2e-06, -2e-06, 1e-06, 2e-06, 0.119971, 0.992779, 0.37472, -2e-06, -0.992778, 0.119971, 0.0, 0.0, 0.0, 0.0, 1.0],
