{
    "animation": [
        {
            "name": "Root",
            "time": [0.0, 0.0417, 0.0833, 0.125, 0.1667, 0.2083, 0.25, 0.2917, 0.3333, 0.375, 0.4167, 0.4583, 0.5, 0.5417, 0.5833, 0.625, 0.6667, 0.7083, 0.75, 0.7917, 0.8333, 0.875, 0.9167, 0.9583, 1.0, 1.0417, 1.0833, 1.125, 1.1667, 1.2083, 1.25, 1.2917, 1.3333, 1.375, 1.4167, 1.4583, 1.5, 1.5417, 1.5833, 1.625, 1.6667, 1.7083, 1.75, 1.7917, 1.8333, 1.875, 1.9167, 1.9583, 2.0, 2.0417, 2.0833, 2.125, 2.1667, 2.2083, 2.25, 2.2917, 2.3333, 2.375, 2.4167, 2.4583, 2.5, 2.5417, 2.5833, 2.625, 2.6667, 2.7083, 2.75, 2.7917, 2.8333, 2.875, 2.9167, 2.9583, 3.0, 3.0417, 3.0833, 3.125, 3.1667, 3.2083, 3.25, 3.2917, 3.3333, 3.375, 3.4167, 3.4583, 3.5, 3.5417, 3.5833, 3.625, 3.6667, 3.7083, 3.75, 3.7917, 3.8333, 3.875, 3.9167, 3.9583, 4.0, 4.0417, 4.0833, 4.125, 4.1667, 4.2083, 4.25, 4.2917, 4.3333, 4.375, 4.4167, 4.4583, 4.5, 4.5417, 4.5833, 4.625, 4.6667, 4.7083, 4.75, 4.7917],
            "transform": [
                [-1.0, 0.0, -0.0, -9.1e-05, -0.0, -0.0, 1.0, 0.000458, -0.0, 1.0, 0.0, 0.564001, 0.0, 0.0, 0.0, 1.0],
                [-1.0, 0.0, -0.0, -0.029129, -0.0, -0.0, 1.0, -0.12708, -0.0, 1.0, 0.0, 0.564001, 0.0, 0.0, 0.0, 1.0],
                [-1.0, 0.0, -0.0, -0.090851, -0.0, -0.0, 1.0, -0.382156, -0.0, 1.0, 0.0, 0.564001, 0.0, 0.0, 0.0, 1.0],
                [-1.0, 0.0, -0.0, -0.170025, -0.0, -0.0, 1.0, -0.688335, -0.0, 1.0, 0.0, 0.564001, 0.0, 0.0, 0.0, 1.0],
                [-1.0, 0.0, -0.0, -0.237061, -0.0, -0.0, 1.0, -0.892309, -0.0, 1.0, 0.0, 0.564001, 0.0, 0.0, 0.0, 1.0],
                [-1.0, 0.0, -0.0, -0.268401, -0.0, -0.0, 1.0, -0.924345, -0.0, 1.0, 0.0, 0.564001, 0.0, 0.0, 0.0, 1.0],
                [-1.0, 0.0, -0.0, -0.273401, -0.0, -0.0, 1.0, -0.894572, -0.0, 1.0, 0.0, 0.564001, 0.0, 0.0, 0.0, 1.0],
                [-1.0, 0.0, -0.0, -0.278043, -0.0, -0.0, 1.0, -0.85087, -0.0, 1.0, 0.0, 0.564001, 0.0, 0.0, 0.0, 1.0],
                [-1.0, 0.0, -0.0, -0.277831, -0.0, -0.0, 1.0, -0.778438, -0.0, 1.0, 0.0, 0.564001, 0.0, 0.0, 0.0, 1.0],
                [-1.0, 0.0, -0.0, -0.27097, -0.0, -0.0, 1.0, -0.673361, -0.0, 1.0, 0.0, 0.564001, 0.0, 0.0, 0.0, 1.0],
                [-1.0, 0.0, -0.0, -0.257432, -0.0, -0.0, 1.0, -0.529108, -0.0, 1.0, 0.0, 0.564001, 0.0, 0.0, 0.0, 1.0],
                [-1.0, 0.0, -0.0, -0.239609, -0.0, -0.0, 1.0, -0.37157, -0.0, 1.0, 0.0, 0.564001, 0.0, 0.0, 0.0, 1.0],
                [-1.0, 0.0, -0.0, -0.221211, -0.0, -0.0, 1.0, -0.214746, -0.0, 1.0, 0.0, 0.564001, 0.0, 0.0, 0.0, 1.0],
                [-1.0, 0.0, -0.0, -0.205712, -0.0, -0.0, 1.0, -0.07293, -0.0, 1.0, 0.0, 0.564001, 0.0, 0.0, 0.0, 1.0],
                [-1.0, 0.0, -0.0, -0.190903, -0.0, -0.0, 1.0, 0.076111, -0.0, 1.0, 0.0, 0.564001, 0.0, 0.0, 0.0, 1.0],
                [-1.0, 0.0, -0.0, -0.175935, -0.0, -0.0, 1.0, 0.245998, -0.0, 1.0, 0.0, 0.564001, 0.0, 0.0, 0.0, 1.0],
                [-1.0, 0.0, -0.0, -0.16018, -0.0, -0.0, 1.0, 0.415197, -0.0, 1.0, 0.0, 0.564001, 0.0, 0.0, 0.0, 1.0],
                [-1.0, 0.0, -0.0, -0.142682, -0.0, -0.0, 1.0, 0.561887, -0.0, 1.0, 0.0, 0.564001, 0.0, 0.0, 0.0, 1.0],
                [-1.0, 0.0, -0.0, -0.12254, -0.0, -0.0, 1.0, 0.692256, -0.0, 1.0, 0.0, 0.564001, 0.0, 0.0, 0.0, 1.0],
                [-1.0, 0.0, -0.0, -0.105651, -0.0, -0.0, 1.0, 0.817399, -0.0, 1.0, 0.0, 0.564001, 0.0, 0.0, 0.0, 1.0],
                [-1.0, 0.0, -0.0, -0.096891, -0.0, -0.0, 1.0, 0.946383, -0.0, 1.0, 0.0, 0.564001, 0.0, 0.0, 0.0, 1.0],
                [-1.0, 0.0, -0.0, -0.092877, -0.0, -0.0, 1.0, 1.075087, -0.0, 1.0, 0.0, 0.564002, 0.0, 0.0, 0.0, 1.0],
                [-1.0, 0.0, -0.0, -0.091028, -0.0, -0.0, 1.0, 1.20293, -0.0, 1.0, 0.0, 0.564002, 0.0, 0.0, 0.0, 1.0],
                [-1.0, 0.0, -0.0, -0.088263, -0.0, -0.0, 1.0, 1.328683, -0.0, 1.0, 0.0, 0.564002, 0.0, 0.0, 0.0, 1.0],
                [-1.0, 0.0, -0.0, -0.072895, -0.0, -0.0, 1.0, 1.451988, -0.0, 1.0, 0.0, 0.564002, 0.0, 0.0, 0.0, 1.0],
                [-1.0, 0.0, -0.0, -0.048082, -0.0, -0.0, 1.0, 1.572094, -0.0, 1.0, 0.0, 0.564002, 0.0, 0.0, 0.0, 1.0],
                [-1.0, 0.0, -0.0, -0.024101, -0.0, -0.0, 1.0, 1.687966, -0.0, 1.0, 0.0, 0.564002, 0.0, 0.0, 0.0, 1.0],
                [-1.0, 0.0, -0.0, -0.004752, -0.0, -0.0, 1.0, 1.820902, -0.0, 1.0, 0.0, 0.564002, 0.0, 0.0, 0.0, 1.0],
                [-1.0, 0.0, -0.0, 0.004522, -0.0, -0.0, 1.0, 1.986745, -0.0, 1.0, 0.0, 0.564002, 0.0, 0.0, 0.0, 1.0],
                [-1.0, 0.0, -0.0, 0.010057, -0.0, -0.0, 1.0, 2.182101, -0.0, 1.0, 0.0, 0.564002, 0.0, 0.0, 0.0, 1.0],
                [-1.0, 0.0, -0.0, 0.011991, -0.0, -0.0, 1.0, 2.40305, -0.0, 1.0, 0.0, 0.564002, 0.0, 0.0, 0.0, 1.0],
                [-1.0, 0.0, -0.0, 0.011266, -0.0, -0.0, 1.0, 2.639668, -0.0, 1.0, 0.0, 0.564002, 0.0, 0.0, 0.0, 1.0],
                [-1.0, 0.0, -0.0, 0.006189, -0.0, -0.0, 1.0, 2.881689, -0.0, 1.0, 0.0, 0.564002, 0.0, 0.0, 0.0, 1.0],
                [-1.0, 0.0, -0.0, -0.016568, -0.0, -0.0, 1.0, 3.121095, -0.0, 1.0, 0.0, 0.564002, 0.0, 0.0, 0.0, 1.0],
                [-1.0, 0.0, -0.0, -0.064346, -0.0, -0.0, 1.0, 3.348922, -0.0, 1.0, 0.0, 0.564002, 0.0, 0.0, 0.0, 1.0],
                [-1.0, 0.0, -0.0, -0.128398, -0.0, -0.0, 1.0, 3.556552, -0.0, 1.0, 0.0, 0.564002, 0.0, 0.0, 0.0, 1.0],
                [-1.0, 0.0, -0.0, -0.200546, -0.0, -0.0, 1.0, 3.735106, -0.0, 1.0, 0.0, 0.564002, 0.0, 0.0, 0.0, 1.0],
                [-1.0, 0.0, -0.0, -0.276294, -0.0, -0.0, 1.0, 3.875876, -0.0, 1.0, 0.0, 0.564002, 0.0, 0.0, 0.0, 1.0],
                [-1.0, 0.0, -0.0, -0.3533, -0.0, -0.0, 1.0, 3.97575, -0.0, 1.0, 0.0, 0.564002, 0.0, 0.0, 0.0, 1.0],
                [-1.0, 0.0, -0.0, -0.427394, -0.0, -0.0, 1.0, 4.067924, -0.0, 1.0, 0.0, 0.564002, 0.0, 0.0, 0.0, 1.0],
                [-1.0, 0.0, -0.0, -0.493196, -0.0, -0.0, 1.0, 4.182403, -0.0, 1.0, 0.0, 0.564002, 0.0, 0.0, 0.0, 1.0],
                [-1.0, 0.0, -0.0, -0.554291, -0.0, -0.0, 1.0, 4.282258, -0.0, 1.0, 0.0, 0.564003, 0.0, 0.0, 0.0, 1.0],
                [-1.0, 0.0, -0.0, -0.591415, -0.0, -0.0, 1.0, 4.386812, -0.0, 1.0, 0.0, 0.564003, 0.0, 0.0, 0.0, 1.0],
                [-1.0, 0.0, -0.0, -0.585346, -0.0, -0.0, 1.0, 4.488582, -0.0, 1.0, 0.0, 0.564003, 0.0, 0.0, 0.0, 1.0],
                [-1.0, 0.0, -0.0, -0.496861, -0.0, -0.0, 1.0, 4.579817, -0.0, 1.0, 0.0, 0.564003, 0.0, 0.0, 0.0, 1.0],
                [-1.0, 0.0, -0.0, -0.432459, -0.0, -0.0, 1.0, 4.652596, -0.0, 1.0, 0.0, 0.564003, 0.0, 0.0, 0.0, 1.0],
                [-1.0, 0.0, -0.0, -0.382986, -0.0, -0.0, 1.0, 4.700739, -0.0, 1.0, 0.0, 0.564003, 0.0, 0.0, 0.0, 1.0],
                [-1.0, 0.0, -0.0, -0.359925, -0.0, -0.0, 1.0, 4.728336, -0.0, 1.0, 0.0, 0.564003, 0.0, 0.0, 0.0, 1.0],
                [-1.0, 0.0, -0.0, -0.354224, -0.0, -0.0, 1.0, 4.742613, -0.0, 1.0, 0.0, 0.564003, 0.0, 0.0, 0.0, 1.0],
                [-1.0, 0.0, -0.0, -0.355431, -0.0, -0.0, 1.0, 4.752281, -0.0, 1.0, 0.0, 0.564003, 0.0, 0.0, 0.0, 1.0],
                [-1.0, 0.0, -0.0, -0.358888, -0.0, -0.0, 1.0, 4.758757, -0.0, 1.0, 0.0, 0.564003, 0.0, 0.0, 0.0, 1.0],
                [-1.0, 0.0, -0.0, -0.363153, -0.0, -0.0, 1.0, 4.765234, -0.0, 1.0, 0.0, 0.564003, 0.0, 0.0, 0.0, 1.0],
                [-1.0, 0.0, -0.0, -0.366399, -0.0, -0.0, 1.0, 4.768935, -0.0, 1.0, 0.0, 0.564003, 0.0, 0.0, 0.0, 1.0],
                [-1.0, 0.0, -0.0, -0.368598, -0.0, -0.0, 1.0, 4.772636, -0.0, 1.0, 0.0, 0.564003, 0.0, 0.0, 0.0, 1.0],
                [-1.0, 0.0, -0.0, -0.370355, -0.0, -0.0, 1.0, 4.776337, -0.0, 1.0, 0.0, 0.564003, 0.0, 0.0, 0.0, 1.0],
                [-1.0, 0.0, -0.0, -0.37182, -0.0, -0.0, 1.0, 4.775976, -0.0, 1.0, 0.0, 0.564003, 0.0, 0.0, 0.0, 1.0],
                [-1.0, 0.0, -0.0, -0.373295, -0.0, -0.0, 1.0, 4.775614, -0.0, 1.0, 0.0, 0.564003, 0.0, 0.0, 0.0, 1.0],
                [-1.0, 0.0, -0.0, -0.375077, -0.0, -0.0, 1.0, 4.775253, -0.0, 1.0, 0.0, 0.564003, 0.0, 0.0, 0.0, 1.0],
                [-1.0, 0.0, -0.0, -0.377313, -0.0, -0.0, 1.0, 4.774892, -0.0, 1.0, 0.0, 0.564003, 0.0, 0.0, 0.0, 1.0],
                [-1.0, 0.0, -0.0, -0.380175, -0.0, -0.0, 1.0, 4.77453, -0.0, 1.0, 0.0, 0.564003, 0.0, 0.0, 0.0, 1.0],
                [-1.0, 0.0, -0.0, -0.383777, -0.0, -0.0, 1.0, 4.774169, -0.0, 1.0, 0.0, 0.564003, 0.0, 0.0, 0.0, 1.0],
                [-1.0, 0.0, -0.0, -0.387962, -0.0, -0.0, 1.0, 4.773808, -0.0, 1.0, 0.0, 0.564003, 0.0, 0.0, 0.0, 1.0],
                [-1.0, 0.0, -0.0, -0.392427, -0.0, -0.0, 1.0, 4.773446, -0.0, 1.0, 0.0, 0.564003, 0.0, 0.0, 0.0, 1.0],
                [-1.0, 0.0, -0.0, -0.396743, -0.0, -0.0, 1.0, 4.773085, -0.0, 1.0, 0.0, 0.564003, 0.0, 0.0, 0.0, 1.0],
                [-1.0, 0.0, -0.0, -0.400458, -0.0, -0.0, 1.0, 4.772723, -0.0, 1.0, 0.0, 0.564003, 0.0, 0.0, 0.0, 1.0],
                [-1.0, 0.0, -0.0, -0.403233, -0.0, -0.0, 1.0, 4.772362, -0.0, 1.0, 0.0, 0.564003, 0.0, 0.0, 0.0, 1.0],
                [-1.0, 0.0, -0.0, -0.404898, -0.0, -0.0, 1.0, 4.772001, -0.0, 1.0, 0.0, 0.564003, 0.0, 0.0, 0.0, 1.0],
                [-1.0, 0.0, -0.0, -0.40475, -0.0, -0.0, 1.0, 4.771639, -0.0, 1.0, 0.0, 0.564003, 0.0, 0.0, 0.0, 1.0],
                [-1.0, 0.0, -0.0, -0.404603, -0.0, -0.0, 1.0, 4.771278, -0.0, 1.0, 0.0, 0.564003, 0.0, 0.0, 0.0, 1.0],
                [-1.0, 0.0, -0.0, -0.404456, -0.0, -0.0, 1.0, 4.770916, -0.0, 1.0, 0.0, 0.564003, 0.0, 0.0, 0.0, 1.0],
                [-1.0, 0.0, -0.0, -0.404309, -0.0, -0.0, 1.0, 4.770555, -0.0, 1.0, 0.0, 0.564003, 0.0, 0.0, 0.0, 1.0],
                [-1.0, 0.0, -0.0, -0.40332, -0.0, -0.0, 1.0, 4.770194, -0.0, 1.0, 0.0, 0.564003, 0.0, 0.0, 0.0, 1.0],
                [-1.0, 0.0, -0.0, -0.402029, -0.0, -0.0, 1.0, 4.769832, -0.0, 1.0, 0.0, 0.564003, 0.0, 0.0, 0.0, 1.0],
                [-1.0, 0.0, -0.0, -0.400506, -0.0, -0.0, 1.0, 4.769471, -0.0, 1.0, 0.0, 0.564003, 0.0, 0.0, 0.0, 1.0],
                [-1.0, 0.0, -0.0, -0.398839, -0.0, -0.0, 1.0, 4.76911, -0.0, 1.0, 0.0, 0.564003, 0.0, 0.0, 0.0, 1.0],
                [-1.0, 0.0, -0.0, -0.397104, -0.0, -0.0, 1.0, 4.768748, -0.0, 1.0, 0.0, 0.564003, 0.0, 0.0, 0.0, 1.0],
                [-1.0, 0.0, -0.0, -0.395267, -0.0, -0.0, 1.0, 4.768387, -0.0, 1.0, 0.0, 0.564003, 0.0, 0.0, 0.0, 1.0],
                [-1.0, 0.0, -0.0, -0.393232, -0.0, -0.0, 1.0, 4.768025, -0.0, 1.0, 0.0, 0.564003, 0.0, 0.0, 0.0, 1.0],
                [-1.0, 0.0, -0.0, -0.390975, -0.0, -0.0, 1.0, 4.767664, -0.0, 1.0, 0.0, 0.564003, 0.0, 0.0, 0.0, 1.0],
                [-1.0, 0.0, -0.0, -0.388498, -0.0, -0.0, 1.0, 4.767303, -0.0, 1.0, 0.0, 0.564003, 0.0, 0.0, 0.0, 1.0],
                [-1.0, 0.0, -0.0, -0.385842, -0.0, -0.0, 1.0, 4.766941, -0.0, 1.0, 0.0, 0.564003, 0.0, 0.0, 0.0, 1.0],
                [-1.0, 0.0, -0.0, -0.383072, -0.0, -0.0, 1.0, 4.76658, -0.0, 1.0, 0.0, 0.564003, 0.0, 0.0, 0.0, 1.0],
                [-1.0, 0.0, -0.0, -0.380258, -0.0, -0.0, 1.0, 4.763316, -0.0, 1.0, 0.0, 0.564003, 0.0, 0.0, 0.0, 1.0],
                [-1.0, 0.0, -0.0, -0.377451, -0.0, -0.0, 1.0, 4.760052, -0.0, 1.0, 0.0, 0.564003, 0.0, 0.0, 0.0, 1.0],
                [-1.0, 0.0, -0.0, -0.37531, -0.0, -0.0, 1.0, 4.756788, -0.0, 1.0, 0.0, 0.564003, 0.0, 0.0, 0.0, 1.0],
                [-1.0, 0.0, -0.0, -0.371198, -0.0, -0.0, 1.0, 4.753524, -0.0, 1.0, 0.0, 0.564003, 0.0, 0.0, 0.0, 1.0],
                [-1.0, 0.0, -0.0, -0.364659, -0.0, -0.0, 1.0, 4.75026, -0.0, 1.0, 0.0, 0.564003, 0.0, 0.0, 0.0, 1.0],
                [-1.0, 0.0, -0.0, -0.357006, -0.0, -0.0, 1.0, 4.741519, -0.0, 1.0, 0.0, 0.564003, 0.0, 0.0, 0.0, 1.0],
                [-1.0, 0.0, -0.0, -0.347794, -0.0, -0.0, 1.0, 4.731859, -0.0, 1.0, 0.0, 0.564003, 0.0, 0.0, 0.0, 1.0],
                [-1.0, 0.0, -0.0, -0.337053, -0.0, -0.0, 1.0, 4.721478, -0.0, 1.0, 0.0, 0.564003, 0.0, 0.0, 0.0, 1.0],
                [-1.0, 0.0, -0.0, -0.325261, -0.0, -0.0, 1.0, 4.710751, -0.0, 1.0, 0.0, 0.564003, 0.0, 0.0, 0.0, 1.0],
                [-1.0, 0.0, -0.0, -0.312315, -0.0, -0.0, 1.0, 4.699166, -0.0, 1.0, 0.0, 0.564003, 0.0, 0.0, 0.0, 1.0],
                [-1.0, 0.0, -0.0, -0.295081, -0.0, -0.0, 1.0, 4.686549, -0.0, 1.0, 0.0, 0.564003, 0.0, 0.0, 0.0, 1.0],
                [-1.0, 0.0, -0.0, -0.273219, -0.0, -0.0, 1.0, 4.67375, -0.0, 1.0, 0.0, 0.564003, 0.0, 0.0, 0.0, 1.0],
                [-1.0, 0.0, -0.0, -0.247413, -0.0, -0.0, 1.0, 4.660519, -0.0, 1.0, 0.0, 0.564003, 0.0, 0.0, 0.0, 1.0],
                [-1.0, 0.0, -0.0, -0.219046, -0.0, -0.0, 1.0, 4.647034, -0.0, 1.0, 0.0, 0.564003, 0.0, 0.0, 0.0, 1.0],
                [-1.0, 0.0, -0.0, -0.190296, -0.0, -0.0, 1.0, 4.633357, -0.0, 1.0, 0.0, 0.564003, 0.0, 0.0, 0.0, 1.0],
                [-1.0, 0.0, -0.0, -0.165154, -0.0, -0.0, 1.0, 4.619689, -0.0, 1.0, 0.0, 0.564003, 0.0, 0.0, 0.0, 1.0],
                [-1.0, 0.0, -0.0, -0.145761, -0.0, -0.0, 1.0, 4.606225, -0.0, 1.0, 0.0, 0.564003, 0.0, 0.0, 0.0, 1.0],
                [-1.0, 0.0, -0.0, -0.128365, -0.0, -0.0, 1.0, 4.592621, -0.0, 1.0, 0.0, 0.564003, 0.0, 0.0, 0.0, 1.0],
                [-1.0, 0.0, -0.0, -0.112642, -0.0, -0.0, 1.0, 4.579186, -0.0, 1.0, 0.0, 0.564003, 0.0, 0.0, 0.0, 1.0],
                [-1.0, 0.0, -0.0, -0.098112, -0.0, -0.0, 1.0, 4.56619, -0.0, 1.0, 0.0, 0.564003, 0.0, 0.0, 0.0, 1.0],
                [-1.0, 0.0, -0.0, -0.084274, -0.0, -0.0, 1.0, 4.55381, -0.0, 1.0, 0.0, 0.564003, 0.0, 0.0, 0.0, 1.0],
                [-1.0, 0.0, -0.0, -0.07071, -0.0, -0.0, 1.0, 4.542121, -0.0, 1.0, 0.0, 0.564003, 0.0, 0.0, 0.0, 1.0],
                [-1.0, 0.0, -0.0, -0.05765, -0.0, -0.0, 1.0, 4.531042, -0.0, 1.0, 0.0, 0.564003, 0.0, 0.0, 0.0, 1.0],
                [-1.0, 0.0, -0.0, -0.04627, -0.0, -0.0, 1.0, 4.521163, -0.0, 1.0, 0.0, 0.564003, 0.0, 0.0, 0.0, 1.0],
                [-1.0, 0.0, -0.0, -0.036727, -0.0, -0.0, 1.0, 4.512985, -0.0, 1.0, 0.0, 0.564003, 0.0, 0.0, 0.0, 1.0],
                [-1.0, 0.0, -0.0, -0.028311, -0.0, -0.0, 1.0, 4.504807, -0.0, 1.0, 0.0, 0.564003, 0.0, 0.0, 0.0, 1.0],
                [-1.0, 0.0, -0.0, -0.021236, -0.0, -0.0, 1.0, 4.49837, -0.0, 1.0, 0.0, 0.564003, 0.0, 0.0, 0.0, 1.0],
                [-1.0, 0.0, -0.0, -0.015532, -0.0, -0.0, 1.0, 4.491933, -0.0, 1.0, 0.0, 0.564003, 0.0, 0.0, 0.0, 1.0],
                [-1.0, 0.0, -0.0, -0.010572, -0.0, -0.0, 1.0, 4.491941, -0.0, 1.0, 0.0, 0.564003, 0.0, 0.0, 0.0, 1.0],
                [-1.0, 0.0, -0.0, -0.005922, -0.0, -0.0, 1.0, 4.49195, -0.0, 1.0, 0.0, 0.564003, 0.0, 0.0, 0.0, 1.0],
                [-1.0, 0.0, -0.0, -0.002033, -0.0, -0.0, 1.0, 4.491958, -0.0, 1.0, 0.0, 0.564003, 0.0, 0.0, 0.0, 1.0],
                [-1.0, 0.0, -0.0, 0.000512, -0.0, -0.0, 1.0, 4.491967, -0.0, 1.0, 0.0, 0.564003, 0.0, 0.0, 0.0, 1.0],
                [-1.0, 0.0, -0.0, 0.001768, -0.0, -0.0, 1.0, 4.491975, -0.0, 1.0, 0.0, 0.564003, 0.0, 0.0, 0.0, 1.0],
                [-1.0, 0.0, -0.0, 0.002292, -0.0, -0.0, 1.0, 4.491983, -0.0, 1.0, 0.0, 0.564003, 0.0, 0.0, 0.0, 1.0]
            ]
        },
        {
            "name": "Thigh_R",
            "time": [0.0, 0.0417, 0.0833, 0.125, 0.1667, 0.2083, 0.25, 0.2917, 0.3333, 0.375, 0.4167, 0.4583, 0.5, 0.5417, 0.5833, 0.625, 0.6667, 0.7083, 0.75, 0.7917, 0.8333, 0.875, 0.9167, 0.9583, 1.0, 1.0417, 1.0833, 1.125, 1.1667, 1.2083, 1.25, 1.2917, 1.3333, 1.375, 1.4167, 1.4583, 1.5, 1.5417, 1.5833, 1.625, 1.6667, 1.7083, 1.75, 1.7917, 1.8333, 1.875, 1.9167, 1.9583, 2.0, 2.0417, 2.0833, 2.125, 2.1667, 2.2083, 2.25, 2.2917, 2.3333, 2.375, 2.4167, 2.4583, 2.5, 2.5417, 2.5833, 2.625, 2.6667, 2.7083, 2.75, 2.7917, 2.8333, 2.875, 2.9167, 2.9583, 3.0, 3.0417, 3.0833, 3.125, 3.1667, 3.2083, 3.25, 3.2917, 3.3333, 3.375, 3.4167, 3.4583, 3.5, 3.5417, 3.5833, 3.625, 3.6667, 3.7083, 3.75, 3.7917, 3.8333, 3.875, 3.9167, 3.9583, 4.0, 4.0417, 4.0833, 4.125, 4.1667, 4.2083, 4.25, 4.2917, 4.3333, 4.375, 4.4167, 4.4583, 4.5, 4.5417, 4.5833, 4.625, 4.6667, 4.7083, 4.75, 4.7917],
            "transform": [
                [-0.876022, -0.109466, 0.46969, 0.096352, 0.419782, -0.652536, 0.630858, 0.058238, 0.237432, 0.74981, 0.617587, 0.033027, 0.0, 0.0, 0.0, 1.0],
                [-0.926985, -0.107589, 0.359346, 0.096351, 0.361104, -0.515259, 0.777249, 0.058239, 0.101533, 0.850256, 0.516487, 0.033027, 0.0, 0.0, 0.0, 1.0],
                [-0.965959, -0.209196, 0.152207, 0.096352, 0.218839, -0.346931, 0.912005, 0.058238, -0.137982, 0.914264, 0.380901, 0.033027, 0.0, 0.0, 0.0, 1.0],
                [-0.924882, -0.380229, -0.004915, 0.096352, 0.115318, -0.292773, 0.949205, 0.058239, -0.362354, 0.877332, 0.314627, 0.033027, 0.0, 0.0, 0.0, 1.0],
                [-0.782423, -0.612827, -0.11073, 0.096352, 0.189797, -0.404009, 0.894851, 0.058239, -0.593125, 0.679133, 0.432418, 0.033027, 0.0, 0.0, 0.0, 1.0],
                [-0.565886, -0.79335, -0.224437, 0.096351, 0.317219, -0.460761, 0.828901, 0.058238, -0.76102, 0.397866, 0.512403, 0.033027, 0.0, 0.0, 0.0, 1.0],
                [-0.513908, -0.820771, -0.249472, 0.096352, 0.367397, -0.473374, 0.800588, 0.058239, -0.775193, 0.319773, 0.544818, 0.033027, 0.0, 0.0, 0.0, 1.0],
                [-0.379864, -0.872917, -0.306139, 0.096351, 0.434918, -0.460619, 0.773745, 0.058239, -0.816429, 0.160772, 0.554619, 0.033027, 0.0, 0.0, 0.0, 1.0],
                [-0.196211, -0.886355, -0.419379, 0.096352, 0.466525, -0.460567, 0.75514, 0.058239, -0.862474, -0.047483, 0.503874, 0.033027, 0.0, 0.0, 0.0, 1.0],
                [-0.014376, -0.914314, -0.404754, 0.096352, 0.492478, -0.358767, 0.792942, 0.058238, -0.87021, -0.187932, 0.455436, 0.033027, 0.0, 0.0, 0.0, 1.0],
                [0.164674, -0.886172, -0.433111, 0.096352, 0.462023, -0.318652, 0.827648, 0.058238, -0.871449, -0.336398, 0.356957, 0.033027, 0.0, 0.0, 0.0, 1.0],
                [0.344282, -0.791313, -0.505269, 0.096351, 0.427297, -0.347138, 0.834816, 0.058238, -0.835998, -0.50331, 0.218612, 0.033027, 0.0, 0.0, 0.0, 1.0],
                [0.494629, -0.672859, -0.550097, 0.096351, 0.43193, -0.358932, 0.827411, 0.058239, -0.754178, -0.646862, 0.113089, 0.033027, 0.0, 0.0, 0.0, 1.0],
                [0.586475, -0.595488, -0.54904, 0.096352, 0.463322, -0.309359, 0.830442, 0.058239, -0.664369, -0.741412, 0.094471, 0.033027, 0.0, 0.0, 0.0, 1.0],
                [0.679696, -0.444778, -0.583258, 0.096352, 0.498105, -0.303822, 0.81215, 0.058239, -0.538433, -0.842536, 0.015039, 0.033027, 0.0, 0.0, 0.0, 1.0],
                [0.746969, -0.208937, -0.631179, 0.096351, 0.565136, -0.300561, 0.768303, 0.058239, -0.350234, -0.930597, -0.106432, 0.033027, 0.0, 0.0, 0.0, 1.0],
                [0.731437, 0.043583, -0.680518, 0.096352, 0.658579, -0.303976, 0.688387, 0.058238, -0.176859, -0.951683, -0.251042, 0.033027, 0.0, 0.0, 0.0, 1.0],
                [0.665902, 0.294549, -0.685435, 0.096352, 0.743303, -0.34062, 0.575747, 0.058239, -0.063887, -0.892872, -0.445758, 0.033027, 0.0, 0.0, 0.0, 1.0],
                [0.597691, 0.460852, -0.656037, 0.096352, 0.801603, -0.32893, 0.499243, 0.058239, 0.014286, -0.824271, -0.566018, 0.033027, 0.0, 0.0, 0.0, 1.0],
                [0.574458, 0.54367, -0.611903, 0.096351, 0.817168, -0.337688, 0.467128, 0.058239, 0.04733, -0.76837, -0.638256, 0.033027, 0.0, 0.0, 0.0, 1.0],
                [0.558841, 0.58647, -0.586304, 0.096352, 0.820534, -0.288656, 0.493361, 0.058238, 0.120101, -0.75679, -0.642532, 0.033027, 0.0, 0.0, 0.0, 1.0],
                [0.535814, 0.645322, -0.544488, 0.096352, 0.812316, -0.218069, 0.54092, 0.058239, 0.230331, -0.732126, -0.641049, 0.033027, 0.0, 0.0, 0.0, 1.0],
                [0.503454, 0.706119, -0.49793, 0.096352, 0.792336, -0.147468, 0.591999, 0.058239, 0.344593, -0.692569, -0.633726, 0.033027, 0.0, 0.0, 0.0, 1.0],
                [0.456663, 0.761602, -0.459809, 0.096352, 0.771706, -0.081953, 0.63068, 0.058239, 0.442644, -0.642844, -0.625158, 0.033027, 0.0, 0.0, 0.0, 1.0],
                [0.404736, 0.802057, -0.439198, 0.096352, 0.779187, -0.05111, 0.624708, 0.058239, 0.478604, -0.595057, -0.645637, 0.033027, 0.0, 0.0, 0.0, 1.0],
                [0.319746, 0.865919, -0.384642, 0.096352, 0.787479, -0.017105, 0.616107, 0.058239, 0.526919, -0.499893, -0.687362, 0.033028, 0.0, 0.0, 0.0, 1.0],
                [0.207273, 0.9341, -0.290685, 0.096352, 0.805939, 0.005386, 0.591979, 0.058239, 0.554533, -0.356974, -0.751709, 0.033028, 0.0, 0.0, 0.0, 1.0],
                [0.073096, 0.983438, -0.165858, 0.096352, 0.84247, 0.028119, 0.538015, 0.058239, 0.533768, -0.179056, -0.82646, 0.033027, 0.0, 0.0, 0.0, 1.0],
                [0.09289, 0.992884, 0.074533, 0.096352, 0.886601, -0.116547, 0.447618, 0.058238, 0.45312, 0.024502, -0.891115, 0.033028, 0.0, 0.0, 0.0, 1.0],
                [0.005219, 0.979007, 0.203767, 0.096352, 0.897208, -0.094566, 0.431371, 0.058238, 0.441584, 0.180569, -0.878865, 0.033027, 0.0, 0.0, 0.0, 1.0],
                [-0.164388, 0.954397, 0.249207, 0.096351, 0.898609, 0.040706, 0.436866, 0.058238, 0.406799, 0.295754, -0.86432, 0.033027, 0.0, 0.0, 0.0, 1.0],
                [-0.309289, 0.879097, 0.362672, 0.096351, 0.886509, 0.128511, 0.444514, 0.058238, 0.344164, 0.458993, -0.819073, 0.033027, 0.0, 0.0, 0.0, 1.0],
                [-0.4258, 0.750614, 0.505249, 0.096352, 0.868608, 0.182701, 0.460594, 0.058238, 0.253419, 0.634981, -0.729782, 0.033027, 0.0, 0.0, 0.0, 1.0],
                [-0.528921, 0.577411, 0.621967, 0.096352, 0.834677, 0.221372, 0.504295, 0.058239, 0.153499, 0.78587, -0.599039, 0.033026, 0.0, 0.0, 0.0, 1.0],
                [-0.576891, 0.429137, 0.695012, 0.096351, 0.811464, 0.203777, 0.547727, 0.058238, 0.093422, 0.879954, -0.465785, 0.033027, 0.0, 0.0, 0.0, 1.0],
                [-0.651501, 0.358557, 0.668572, 0.096351, 0.751035, 0.180266, 0.635181, 0.058238, 0.107228, 0.915939, -0.386731, 0.033028, 0.0, 0.0, 0.0, 1.0],
                [-0.701963, 0.128529, 0.700523, 0.096352, 0.708522, 0.02596, 0.705214, 0.058239, 0.072455, 0.991367, -0.109289, 0.033027, 0.0, 0.0, 0.0, 1.0],
                [-0.734184, -0.064408, 0.675894, 0.096351, 0.676629, -0.151762, 0.720519, 0.058239, 0.056168, 0.986318, 0.155001, 0.033026, 0.0, 0.0, 0.0, 1.0],
                [-0.754358, -0.125993, 0.644264, 0.096352, 0.656364, -0.127246, 0.74364, 0.058238, -0.011714, 0.983838, 0.178686, 0.033027, 0.0, 0.0, 0.0, 1.0],
                [-0.770629, -0.182278, 0.610665, 0.096352, 0.631965, -0.094963, 0.76916, 0.058239, -0.082211, 0.978651, 0.188374, 0.033028, 0.0, 0.0, 0.0, 1.0],
                [-0.778927, -0.246206, 0.576768, 0.096351, 0.606579, -0.06233, 0.792579, 0.058239, -0.159188, 0.967212, 0.197893, 0.033027, 0.0, 0.0, 0.0, 1.0],
                [-0.779049, -0.310228, 0.544837, 0.096352, 0.578766, -0.021695, 0.815208, 0.058239, -0.24108, 0.950416, 0.19645, 0.033027, 0.0, 0.0, 0.0, 1.0],
                [-0.769229, -0.355427, 0.531002, 0.096352, 0.562216, 0.018438, 0.826787, 0.058238, -0.303654, 0.934523, 0.185643, 0.033028, 0.0, 0.0, 0.0, 1.0],
                [-0.756183, -0.371679, 0.538559, 0.096351, 0.559393, 0.059852, 0.826741, 0.058239, -0.339516, 0.926431, 0.162655, 0.033027, 0.0, 0.0, 0.0, 1.0],
                [-0.755054, -0.316805, 0.57405, 0.096352, 0.578029, 0.091637, 0.810858, 0.058239, -0.309488, 0.944055, 0.113931, 0.033027, 0.0, 0.0, 0.0, 1.0],
                [-0.752645, -0.273922, 0.598747, 0.096352, 0.599595, 0.090605, 0.795161, 0.058239, -0.272062, 0.957476, 0.096048, 0.033026, 0.0, 0.0, 0.0, 1.0],
                [-0.755165, -0.240791, 0.609713, 0.096352, 0.612304, 0.073091, 0.787239, 0.058238, -0.234125, 0.967822, 0.092241, 0.033027, 0.0, 0.0, 0.0, 1.0],
                [-0.758345, -0.223868, 0.612211, 0.096351, 0.618292, 0.050469, 0.78433, 0.058238, -0.206484, 0.973313, 0.100143, 0.033027, 0.0, 0.0, 0.0, 1.0],
                [-0.760801, -0.222809, 0.609543, 0.096352, 0.620262, 0.026709, 0.783942, 0.058238, -0.19095, 0.974498, 0.11788, 0.033027, 0.0, 0.0, 0.0, 1.0],
                [-0.763838, -0.232026, 0.602263, 0.096351, 0.61791, 0.006598, 0.786224, 0.058239, -0.186399, 0.972688, 0.138331, 0.033027, 0.0, 0.0, 0.0, 1.0],
                [-0.764045, -0.235537, 0.600635, 0.096351, 0.619372, -0.007167, 0.785067, 0.058239, -0.180607, 0.97184, 0.151361, 0.033027, 0.0, 0.0, 0.0, 1.0],
                [-0.765164, -0.234929, 0.599448, 0.096351, 0.620012, -0.017917, 0.784391, 0.058239, -0.173536, 0.971848, 0.159368, 0.033026, 0.0, 0.0, 0.0, 1.0],
                [-0.767498, -0.233644, 0.596962, 0.096352, 0.620106, -0.034465, 0.783764, 0.058238, -0.162548, 0.971712, 0.171335, 0.033027, 0.0, 0.0, 0.0, 1.0],
                [-0.767638, -0.232311, 0.597303, 0.096351, 0.621569, -0.042744, 0.782197, 0.058238, -0.156182, 0.971703, 0.177209, 0.033026, 0.0, 0.0, 0.0, 1.0],
                [-0.767986, -0.229634, 0.597889, 0.096352, 0.622081, -0.045349, 0.781642, 0.058239, -0.152378, 0.972221, 0.177677, 0.033026, 0.0, 0.0, 0.0, 1.0],
                [-0.767896, -0.228745, 0.598345, 0.096352, 0.622599, -0.046759, 0.781146, 0.058239, -0.150705, 0.972364, 0.178322, 0.033027, 0.0, 0.0, 0.0, 1.0],
                [-0.768051, -0.229796, 0.597743, 0.096351, 0.622768, -0.050536, 0.780776, 0.058239, -0.149212, 0.971927, 0.181923, 0.033026, 0.0, 0.0, 0.0, 1.0],
                [-0.768796, -0.229188, 0.597019, 0.096351, 0.622421, -0.053858, 0.780831, 0.058239, -0.146803, 0.971892, 0.184057, 0.033028, 0.0, 0.0, 0.0, 1.0],
                [-0.768874, -0.22857, 0.597155, 0.096351, 0.621987, -0.05086, 0.781377, 0.058239, -0.148228, 0.972199, 0.181272, 0.033027, 0.0, 0.0, 0.0, 1.0],
                [-0.76903, -0.228646, 0.596925, 0.096352, 0.621486, -0.049023, 0.781893, 0.058238, -0.149513, 0.972276, 0.1798, 0.033026, 0.0, 0.0, 0.0, 1.0],
                [-0.769282, -0.229194, 0.596389, 0.096352, 0.620724, -0.046958, 0.782625, 0.058238, -0.151368, 0.972248, 0.178389, 0.033027, 0.0, 0.0, 0.0, 1.0],
                [-0.769431, -0.229291, 0.59616, 0.096351, 0.620212, -0.045061, 0.783142, 0.058239, -0.152704, 0.972315, 0.176879, 0.033026, 0.0, 0.0, 0.0, 1.0],
                [-0.769545, -0.22931, 0.596005, 0.096352, 0.619765, -0.0432, 0.7836, 0.058238, -0.15394, 0.972395, 0.175362, 0.033026, 0.0, 0.0, 0.0, 1.0],
                [-0.769699, -0.229574, 0.595705, 0.096352, 0.619198, -0.041259, 0.784153, 0.058239, -0.155443, 0.972418, 0.173909, 0.033027, 0.0, 0.0, 0.0, 1.0],
                [-0.769928, -0.230093, 0.595209, 0.096351, 0.61858, -0.039969, 0.784707, 0.058238, -0.156766, 0.972348, 0.173104, 0.033026, 0.0, 0.0, 0.0, 1.0],
                [-0.770266, -0.229989, 0.594811, 0.096352, 0.61802, -0.039135, 0.78519, 0.058238, -0.157307, 0.972407, 0.172282, 0.033027, 0.0, 0.0, 0.0, 1.0],
                [-0.770725, -0.229082, 0.594567, 0.096352, 0.617558, -0.038815, 0.78557, 0.058238, -0.156882, 0.972634, 0.171387, 0.033028, 0.0, 0.0, 0.0, 1.0],
                [-0.771311, -0.226964, 0.594619, 0.096352, 0.617084, -0.037888, 0.785989, 0.058239, -0.155863, 0.973167, 0.169279, 0.033027, 0.0, 0.0, 0.0, 1.0],
                [-0.771911, -0.223833, 0.595028, 0.096352, 0.617133, -0.039063, 0.785892, 0.058238, -0.152666, 0.973846, 0.168287, 0.033027, 0.0, 0.0, 0.0, 1.0],
                [-0.772435, -0.219692, 0.595891, 0.096352, 0.617562, -0.040856, 0.785463, 0.058239, -0.148215, 0.974715, 0.167231, 0.033026, 0.0, 0.0, 0.0, 1.0],
                [-0.772933, -0.214846, 0.59701, 0.096352, 0.618213, -0.043236, 0.784823, 0.058238, -0.142804, 0.975692, 0.166238, 0.033028, 0.0, 0.0, 0.0, 1.0],
                [-0.773397, -0.210161, 0.598076, 0.096352, 0.618972, -0.046638, 0.78403, 0.058239, -0.13688, 0.976555, 0.166153, 0.033026, 0.0, 0.0, 0.0, 1.0],
                [-0.773514, -0.205478, 0.599551, 0.096352, 0.619989, -0.049017, 0.783081, 0.058238, -0.131518, 0.977435, 0.165308, 0.033026, 0.0, 0.0, 0.0, 1.0],
                [-0.774689, -0.200584, 0.59969, 0.096351, 0.619443, -0.05011, 0.783444, 0.058238, -0.127096, 0.978395, 0.16307, 0.033026, 0.0, 0.0, 0.0, 1.0],
                [-0.774539, -0.196226, 0.601324, 0.096352, 0.620288, -0.049493, 0.782814, 0.058238, -0.123848, 0.97931, 0.16005, 0.033027, 0.0, 0.0, 0.0, 1.0],
                [-0.773315, -0.193002, 0.603936, 0.096352, 0.622366, -0.049228, 0.78118, 0.058238, -0.121039, 0.979963, 0.158186, 0.033026, 0.0, 0.0, 0.0, 1.0],
                [-0.77172, -0.186574, 0.607983, 0.096351, 0.625559, -0.05045, 0.778547, 0.058239, -0.114584, 0.981146, 0.155646, 0.033026, 0.0, 0.0, 0.0, 1.0],
                [-0.771199, -0.178454, 0.611074, 0.096351, 0.627834, -0.054471, 0.776442, 0.058238, -0.105274, 0.982441, 0.154047, 0.033026, 0.0, 0.0, 0.0, 1.0],
                [-0.769412, -0.169628, 0.615822, 0.096352, 0.631682, -0.058963, 0.772985, 0.058238, -0.09481, 0.983744, 0.152517, 0.033026, 0.0, 0.0, 0.0, 1.0],
                [-0.766301, -0.160826, 0.622032, 0.096351, 0.636982, -0.063714, 0.768244, 0.058238, -0.083921, 0.984925, 0.151267, 0.033027, 0.0, 0.0, 0.0, 1.0],
                [-0.761885, -0.152388, 0.629535, 0.096351, 0.643689, -0.069919, 0.762089, 0.058238, -0.072117, 0.985846, 0.15136, 0.033026, 0.0, 0.0, 0.0, 1.0],
                [-0.75645, -0.143188, 0.63819, 0.096351, 0.651408, -0.077212, 0.754792, 0.058238, -0.058801, 0.98668, 0.15168, 0.033026, 0.0, 0.0, 0.0, 1.0],
                [-0.750457, -0.134636, 0.647065, 0.096352, 0.659373, -0.085482, 0.746944, 0.058238, -0.045253, 0.987203, 0.152925, 0.033026, 0.0, 0.0, 0.0, 1.0],
                [-0.744271, -0.12524, 0.656033, 0.096352, 0.667134, -0.092966, 0.739116, 0.058239, -0.031579, 0.987763, 0.152744, 0.033025, 0.0, 0.0, 0.0, 1.0],
                [-0.738387, -0.114136, 0.664654, 0.096352, 0.674166, -0.099891, 0.731799, 0.058238, -0.017132, 0.988432, 0.150704, 0.033028, 0.0, 0.0, 0.0, 1.0],
                [-0.732971, -0.100215, 0.672843, 0.096352, 0.680263, -0.105137, 0.725393, 0.058238, -0.001955, 0.989397, 0.145234, 0.033028, 0.0, 0.0, 0.0, 1.0],
                [-0.726396, -0.0847, 0.682041, 0.096351, 0.686979, -0.118905, 0.716887, 0.058238, 0.020378, 0.989288, 0.144559, 0.033027, 0.0, 0.0, 0.0, 1.0],
                [-0.716344, -0.067067, 0.694521, 0.096352, 0.696646, -0.124788, 0.706483, 0.058239, 0.039286, 0.989916, 0.136113, 0.033027, 0.0, 0.0, 0.0, 1.0],
                [-0.717644, -0.049394, 0.69466, 0.096352, 0.694206, -0.130117, 0.707921, 0.058239, 0.05542, 0.990269, 0.127667, 0.033026, 0.0, 0.0, 0.0, 1.0],
                [-0.72285, -0.036882, 0.690023, 0.096352, 0.687546, -0.138236, 0.712865, 0.058239, 0.069094, 0.989713, 0.125281, 0.033027, 0.0, 0.0, 0.0, 1.0],
                [-0.740521, -0.033018, 0.671227, 0.096351, 0.667748, -0.148832, 0.729361, 0.058239, 0.075818, 0.988313, 0.13226, 0.033026, 0.0, 0.0, 0.0, 1.0],
                [-0.759832, -0.035221, 0.649169, 0.096351, 0.645627, -0.158128, 0.747105, 0.058239, 0.076338, 0.986791, 0.14289, 0.033025, 0.0, 0.0, 0.0, 1.0],
                [-0.783669, -0.038193, 0.620008, 0.096351, 0.616172, -0.174325, 0.768081, 0.058238, 0.078748, 0.983948, 0.160146, 0.033026, 0.0, 0.0, 0.0, 1.0],
                [-0.801585, -0.038799, 0.596626, 0.096351, 0.591379, -0.198287, 0.781639, 0.058239, 0.087976, 0.979377, 0.181888, 0.033026, 0.0, 0.0, 0.0, 1.0],
                [-0.816403, -0.033815, 0.576497, 0.096351, 0.567561, -0.231287, 0.790181, 0.058239, 0.106616, 0.972299, 0.208015, 0.033027, 0.0, 0.0, 0.0, 1.0],
                [-0.82796, -0.025944, 0.560192, 0.096352, 0.545601, -0.268206, 0.793971, 0.058239, 0.129648, 0.963013, 0.236218, 0.033027, 0.0, 0.0, 0.0, 1.0],
                [-0.837159, -0.019115, 0.546632, 0.096351, 0.524997, -0.308477, 0.793237, 0.058239, 0.15346, 0.951041, 0.268279, 0.033026, 0.0, 0.0, 0.0, 1.0],
                [-0.842682, -0.012502, 0.538272, 0.096351, 0.506818, -0.355869, 0.785173, 0.058238, 0.181737, 0.934453, 0.306219, 0.033026, 0.0, 0.0, 0.0, 1.0],
                [-0.843136, -0.009327, 0.537625, 0.096352, 0.494872, -0.404522, 0.76907, 0.058238, 0.210308, 0.914482, 0.345681, 0.033027, 0.0, 0.0, 0.0, 1.0],
                [-0.842399, -0.012401, 0.538717, 0.096351, 0.484395, -0.455413, 0.746971, 0.058239, 0.236075, 0.890195, 0.389645, 0.033026, 0.0, 0.0, 0.0, 1.0],
                [-0.841076, -0.01895, 0.540591, 0.096352, 0.475561, -0.502128, 0.722297, 0.058238, 0.257757, 0.864587, 0.431338, 0.033026, 0.0, 0.0, 0.0, 1.0],
                [-0.838768, -0.028275, 0.543761, 0.096352, 0.469461, -0.543448, 0.695898, 0.058239, 0.275829, 0.838967, 0.4691, 0.033025, 0.0, 0.0, 0.0, 1.0],
                [-0.83687, -0.040072, 0.545938, 0.096351, 0.46309, -0.583627, 0.667032, 0.058239, 0.291895, 0.811034, 0.506976, 0.033026, 0.0, 0.0, 0.0, 1.0],
                [-0.832846, -0.051943, 0.551068, 0.096352, 0.458733, -0.621893, 0.634679, 0.058239, 0.309738, 0.781379, 0.541768, 0.033025, 0.0, 0.0, 0.0, 1.0],
                [-0.828082, -0.062996, 0.557062, 0.096352, 0.454743, -0.656608, 0.60173, 0.058238, 0.327864, 0.751599, 0.572371, 0.033025, 0.0, 0.0, 0.0, 1.0],
                [-0.822594, -0.074737, 0.5637, 0.096352, 0.452484, -0.686417, 0.569291, 0.058238, 0.344386, 0.723359, 0.598459, 0.033027, 0.0, 0.0, 0.0, 1.0],
                [-0.822704, -0.087725, 0.561666, 0.096351, 0.448208, -0.707842, 0.545959, 0.058239, 0.349677, 0.700903, 0.621662, 0.033026, 0.0, 0.0, 0.0, 1.0],
                [-0.828169, -0.095679, 0.552257, 0.096352, 0.438985, -0.723341, 0.532985, 0.058238, 0.348475, 0.683831, 0.641049, 0.033026, 0.0, 0.0, 0.0, 1.0],
                [-0.833534, -0.108589, 0.541697, 0.096352, 0.432867, -0.737626, 0.518206, 0.058238, 0.343298, 0.666422, 0.66184, 0.033027, 0.0, 0.0, 0.0, 1.0],
                [-0.839372, -0.117493, 0.530713, 0.096351, 0.4273, -0.746102, 0.510637, 0.058239, 0.335969, 0.655385, 0.676461, 0.033026, 0.0, 0.0, 0.0, 1.0],
                [-0.847513, -0.122455, 0.516463, 0.096351, 0.425362, -0.738702, 0.522867, 0.058239, 0.317484, 0.662817, 0.678145, 0.033025, 0.0, 0.0, 0.0, 1.0],
                [-0.85496, -0.122407, 0.50405, 0.096352, 0.424186, -0.724263, 0.54361, 0.058239, 0.298524, 0.678573, 0.671138, 0.033027, 0.0, 0.0, 0.0, 1.0],
                [-0.862026, -0.11816, 0.492904, 0.096352, 0.422047, -0.705861, 0.568894, 0.058238, 0.280701, 0.698427, 0.658339, 0.033027, 0.0, 0.0, 0.0, 1.0],
                [-0.869508, -0.115657, 0.480194, 0.096351, 0.419547, -0.686001, 0.594464, 0.058239, 0.260659, 0.718351, 0.645005, 0.033026, 0.0, 0.0, 0.0, 1.0],
                [-0.877207, -0.115422, 0.466038, 0.096351, 0.416162, -0.666842, 0.61817, 0.058239, 0.239424, 0.736207, 0.632992, 0.033026, 0.0, 0.0, 0.0, 1.0],
                [-0.885418, -0.117652, 0.449667, 0.096351, 0.410413, -0.652014, 0.637528, 0.058239, 0.218183, 0.749024, 0.62559, 0.033025, 0.0, 0.0, 0.0, 1.0]
            ]
        },
        {
            "name": "Leg_R",
            "time": [0.0, 0.0417, 0.0833, 0.125, 0.1667, 0.2083, 0.25, 0.2917, 0.3333, 0.375, 0.4167, 0.4583, 0.5, 0.5417, 0.5833, 0.625, 0.6667, 0.7083, 0.75, 0.7917, 0.8333, 0.875, 0.9167, 0.9583, 1.0, 1.0417, 1.0833, 1.125, 1.1667, 1.2083, 1.25, 1.2917, 1.3333, 1.375, 1.4167, 1.4583, 1.5, 1.5417, 1.5833, 1.625, 1.6667, 1.7083, 1.75, 1.7917, 1.8333, 1.875, 1.9167, 1.9583, 2.0, 2.0417, 2.0833, 2.125, 2.1667, 2.2083, 2.25, 2.2917, 2.3333, 2.375, 2.4167, 2.4583, 2.5, 2.5417, 2.5833, 2.625, 2.6667, 2.7083, 2.75, 2.7917, 2.8333, 2.875, 2.9167, 2.9583, 3.0, 3.0417, 3.0833, 3.125, 3.1667, 3.2083, 3.25, 3.2917, 3.3333, 3.375, 3.4167, 3.4583, 3.5, 3.5417, 3.5833, 3.625, 3.6667, 3.7083, 3.75, 3.7917, 3.8333, 3.875, 3.9167, 3.9583, 4.0, 4.0417, 4.0833, 4.125, 4.1667, 4.2083, 4.25, 4.2917, 4.3333, 4.375, 4.4167, 4.4583, 4.5, 4.5417, 4.5833, 4.625, 4.6667, 4.7083, 4.75, 4.7917],
            "transform": [
                [0.999999, -0.0, 1e-06, 0.0, -0.0, 0.590506, 0.807035, 0.37472, -0.0, -0.807034, 0.590507, 0.0, 0.0, 0.0, 0.0, 1.0],
                [0.999999, -0.0, 0.0, 0.0, -0.0, 0.313987, 0.94943, 0.37472, -0.0, -0.949427, 0.313988, -0.0, 0.0, 0.0, 0.0, 1.0],
                [0.999999, -0.0, -1e-06, 0.0, 1e-06, -0.043837, 0.999041, 0.37472, -0.0, -0.999038, -0.043837, -0.0, 0.0, 0.0, 0.0, 1.0],
                [0.999999, 0.0, -1e-06, 0.0, 1e-06, -0.291881, 0.956457, 0.37472, -0.0, -0.956455, -0.291882, 0.0, 0.0, 0.0, 0.0, 1.0],
                [0.999999, 0.0, 1e-06, -0.0, -0.0, -0.358098, 0.933685, 0.37472, 1e-06, -0.933684, -0.358099, 0.0, 0.0, 0.0, 0.0, 1.0],
                [0.999999, 0.0, 0.0, -0.0, -0.0, -0.317698, 0.948194, 0.37472, 0.0, -0.948191, -0.317698, -0.0, 0.0, 0.0, 0.0, 1.0],
                [0.999999, 1e-06, 0.0, 0.0, 0.0, -0.298364, 0.954453, 0.37472, 1e-06, -0.954452, -0.298365, 0.0, 0.0, 0.0, 0.0, 1.0],
                [0.999999, 1e-06, 0.0, 0.0, 0.0, -0.220792, 0.975322, 0.37472, 1e-06, -0.975321, -0.220792, 0.0, 0.0, 0.0, 0.0, 1.0],
                [0.999999, 1e-06, -0.0, -0.0, 0.0, -0.079048, 0.996873, 0.37472, 1e-06, -0.996871, -0.079048, 0.0, 0.0, 0.0, 0.0, 1.0],
                [0.999999, 1e-06, -0.0, 0.0, 0.0, 0.012699, 0.999921, 0.37472, 1e-06, -0.99992, 0.012699, -0.0, 0.0, 0.0, 0.0, 1.0],
                [0.999999, -0.0, 0.0, -0.0, -0.0, 0.187897, 0.98219, 0.37472, -0.0, -0.98219, 0.187898, -0.0, 0.0, 0.0, 0.0, 1.0],
                [0.999999, -0.0, 0.0, -0.0, 0.0, 0.381289, 0.924458, 0.37472, -0.0, -0.924457, 0.381289, -0.0, 0.0, 0.0, 0.0, 1.0],
                [0.999999, -0.0, 0.0, -0.0, -0.0, 0.39259, 0.919715, 0.37472, -0.0, -0.919714, 0.39259, -0.0, 0.0, 0.0, 0.0, 1.0],
                [0.999999, -1e-06, -0.0, -0.0, 0.0, 0.136466, 0.990646, 0.37472, -1e-06, -0.990645, 0.136467, 0.0, 0.0, 0.0, 0.0, 1.0],
                [0.999999, -1e-06, -0.0, 0.0, 0.0, -0.051513, 0.998673, 0.37472, -1e-06, -0.998673, -0.051513, 0.0, 0.0, 0.0, 0.0, 1.0],
                [0.999998, -1e-06, -1e-06, -0.0, 0.0, -0.151021, 0.988531, 0.37472, -1e-06, -0.988531, -0.151021, -0.0, 0.0, 0.0, 0.0, 1.0],
                [0.999999, -2e-06, -1e-06, -0.0, 1e-06, -0.176628, 0.984278, 0.37472, -2e-06, -0.984279, -0.176628, 0.0, 0.0, 0.0, 0.0, 1.0],
                [0.999999, -2e-06, -1e-06, -0.0, 0.0, -0.171889, 0.985117, 0.37472, -2e-06, -0.985118, -0.171889, -0.0, 0.0, 0.0, 0.0, 1.0],
                [0.999999, -3e-06, -1e-06, 0.0, 1e-06, -0.103447, 0.994637, 0.37472, -3e-06, -0.994636, -0.103447, 0.0, 0.0, 0.0, 0.0, 1.0],
                [0.999999, -2e-06, -1e-06, 0.0, 1e-06, -0.094088, 0.995564, 0.37472, -3e-06, -0.995564, -0.094088, -0.0, 0.0, 0.0, 0.0, 1.0],
                [0.999999, -2e-06, -2e-06, 0.0, 1e-06, -0.096472, 0.995337, 0.37472, -2e-06, -0.995335, -0.096472, 0.0, 0.0, 0.0, 0.0, 1.0],
                [0.999999, -2e-06, -2e-06, 0.0, 2e-06, -0.132758, 0.99115, 0.37472, -2e-06, -0.991149, -0.132758, -0.0, 0.0, 0.0, 0.0, 1.0],
                [0.999999, -2e-06, -2e-06, 0.0, 2e-06, -0.200435, 0.979709, 0.37472, -2e-06, -0.979708, -0.200435, 0.0, 0.0, 0.0, 0.0, 1.0],
                [0.999999, -1e-06, -3e-06, -0.0, 2e-06, -0.281767, 0.959484, 0.37472, -2e-06, -0.959484, -0.281767, 0.0, 0.0, 0.0, 0.0, 1.0],
                [0.999999, -1e-06, -3e-06, -0.0, 2e-06, -0.366102, 0.930576, 0.37472, -2e-06, -0.930576, -0.366102, -0.0, 0.0, 0.0, 0.0, 1.0],
                [0.999999, -1e-06, -3e-06, 0.0, 2e-06, -0.439635, 0.898178, 0.37472, -2e-06, -0.898177, -0.439636, -0.0, 0.0, 0.0, 0.0, 1.0],
                [0.999999, -0.0, -3e-06, 0.0, 2e-06, -0.482739, 0.875766, 0.37472, -1e-06, -0.875765, -0.48274, -0.0, 0.0, 0.0, 0.0, 1.0],
                [0.999999, 1e-06, -3e-06, 0.0, 2e-06, -0.531528, 0.847042, 0.37472, -1e-06, -0.847042, -0.531528, 0.0, 0.0, 0.0, 0.0, 1.0],
                [0.999999, -0.0, -2e-06, -0.0, 1e-06, -0.619663, 0.78487, 0.37472, -1e-06, -0.784871, -0.619662, -0.0, 0.0, 0.0, 0.0, 1.0],
                [0.999999, 0.0, -1e-06, -0.0, 1e-06, -0.635614, 0.772008, 0.37472, -1e-06, -0.772008, -0.635614, -0.0, 0.0, 0.0, 0.0, 1.0],
                [0.999999, 0.0, -1e-06, -0.0, 1e-06, -0.591498, 0.806308, 0.37472, -0.0, -0.806308, -0.591498, 0.0, 0.0, 0.0, 0.0, 1.0],
                [0.999999, 0.0, -0.0, 0.0, 0.0, -0.510254, 0.860026, 0.37472, 0.0, -0.860025, -0.510254, 0.0, 0.0, 0.0, 0.0, 1.0],
                [0.999999, -0.0, 0.0, 0.0, -0.0, -0.456169, 0.889894, 0.37472, -0.0, -0.889894, -0.456169, 0.0, 0.0, 0.0, 0.0, 1.0],
                [0.999998, -1e-06, 0.0, 0.0, -1e-06, -0.393776, 0.919208, 0.37472, -0.0, -0.919206, -0.393776, 0.0, 0.0, 0.0, 0.0, 1.0],
