{
    "animation": [
        {
            "name": "Root",
            "time": [0.0, 0.0417, 0.0833, 0.125, 0.1667, 0.2083, 0.25, 0.2917, 0.3333, 0.375, 0.4167, 0.4583, 0.5, 0.5417, 0.5833, 0.625, 0.6667, 0.7083, 0.75, 0.7917, 0.8333, 0.875, 0.9167, 0.9583, 1.0, 1.0417, 1.0833, 1.125, 1.1667, 1.2083, 1.25, 1.2917, 1.3333, 1.375, 1.4167, 1.4583, 1.5, 1.5417, 1.5833, 1.625, 1.6667, 1.7083, 1.75, 1.7917, 1.8333, 1.875, 1.9167, 1.9583, 2.0, 2.0417, 2.0833, 2.125, 2.1667, 2.2083, 2.25, 2.2917, 2.3333, 2.375, 2.4167, 2.4583, 2.5, 2.5417, 2.5833, 2.625, 2.6667, 2.7083, 2.75, 2.7917, 2.8333, 2.875, 2.9167, 2.9583, 3.0, 3.0417, 3.0833, 3.125, 3.1667, 3.2083, 3.25, 3.2917, 3.3333, 3.375, 3.4167, 3.4583, 3.5, 3.5417, 3.5833, 3.625, 3.6667, 3.7083, 3.75, 3.7917, 3.8333, 3.875, 3.9167, 3.9583, 4.0, 4.0417, 4.0833, 4.125, 4.1667, 4.2083, 4.25, 4.2917, 4.3333, 4.375, 4.4167, 4.4583, 4.5, 4.5417, 4.5833, 4.625, 4.6667, 4.7083, 4.75, 4.7917, 4.8333, 4.875, 4.9167, 4.9583, 5.0, 5.0417, 5.0833, 5.125, 5.1667, 5.2083, 5.25, 5.2917, 5.3333, 5.375, 5.4167, 5.4583, 5.5, 5.5417, 5.5833, 5.625, 5.6667, 5.7083, 5.75, 5.7917, 5.8333, 5.875, 5.9167, 5.9583, 6.0, 6.0417, 6.0833, 6.125, 6.1667, 6.2083, 6.25, 6.2917, 6.3333, 6.375, 6.4167, 6.4583, 6.5, 6.5417, 6.5833, 6.625, 6.6667, 6.7083, 6.75, 6.7917, 6.8333, 6.875, 6.9167, 6.9583, 7.0, 7.0417, 7.0833, 7.125, 7.1667, 7.2083, 7.25, 7.2917, 7.3333, 7.375, 7.4167, 7.4583, 7.5, 7.5417, 7.5833, 7.625, 7.6667, 7.7083, 7.75, 7.7917, 7.8333, 7.875, 7.9167, 7.9583, 8.0, 8.0417, 8.0833, 8.125, 8.1667, 8.2083, 8.25, 8.2917, 8.3333],
            "transform": [
                [-1.0, 0.0, -0.0, 5.7e-05, -0.0, -0.0, 1.0, 0.000757, 0.0, 1.0, 0.0, 0.420446, 0.0, 0.0, 0.0, 1.0],
                [-1.0, 0.0, -0.0, -0.023979, -0.0, -0.0, 1.0, 0.105667, 0.0, 1.0, 0.0, 0.420446, 0.0, 0.0, 0.0, 1.0],
                [-1.0, 0.0, -0.0, -0.030185, -0.0, -0.0, 1.0, 0.155168, 0.0, 1.0, 0.0, 0.420446, 0.0, 0.0, 0.0, 1.0],
                [-1.0, 0.0, -0.0, -0.02526, -0.0, -0.0, 1.0, 0.200161, 0.0, 1.0, 0.0, 0.420446, 0.0, 0.0, 0.0, 1.0],
                [-1.0, 0.0, -0.0, -0.015901, -0.0, -0.0, 1.0, 0.245398, 0.0, 1.0, 0.0, 0.420446, 0.0, 0.0, 0.0, 1.0],
                [-1.0, 0.0, -0.0, -0.009871, -0.0, -0.0, 1.0, 0.292985, 0.0, 1.0, 0.0, 0.420446, 0.0, 0.0, 0.0, 1.0],
                [-1.0, 0.0, -0.0, -0.00372, -0.0, -0.0, 1.0, 0.342473, 0.0, 1.0, 0.0, 0.420446, 0.0, 0.0, 0.0, 1.0],
                [-1.0, 0.0, -0.0, 0.008103, -0.0, -0.0, 1.0, 0.396407, 0.0, 1.0, 0.0, 0.420446, 0.0, 0.0, 0.0, 1.0],
                [-1.0, 0.0, -0.0, 0.027773, -0.0, -0.0, 1.0, 0.45648, 0.0, 1.0, 0.0, 0.420446, 0.0, 0.0, 0.0, 1.0],
                [-1.0, 0.0, -0.0, 0.052697, -0.0, -0.0, 1.0, 0.519846, 0.0, 1.0, 0.0, 0.420446, 0.0, 0.0, 0.0, 1.0],
                [-1.0, 0.0, -0.0, 0.078639, -0.0, -0.0, 1.0, 0.581432, 0.0, 1.0, 0.0, 0.420446, 0.0, 0.0, 0.0, 1.0],
                [-1.0, 0.0, -0.0, 0.098259, -0.0, -0.0, 1.0, 0.639166, 0.0, 1.0, 0.0, 0.420446, 0.0, 0.0, 0.0, 1.0],
                [-1.0, 0.0, -0.0, 0.114475, -0.0, -0.0, 1.0, 0.694207, 0.0, 1.0, 0.0, 0.420446, 0.0, 0.0, 0.0, 1.0],
                [-1.0, 0.0, -0.0, 0.130769, -0.0, -0.0, 1.0, 0.744436, 0.0, 1.0, 0.0, 0.420446, 0.0, 0.0, 0.0, 1.0],
                [-1.0, 0.0, -0.0, 0.147562, -0.0, -0.0, 1.0, 0.788618, 0.0, 1.0, 0.0, 0.420446, 0.0, 0.0, 0.0, 1.0],
                [-1.0, 0.0, -0.0, 0.164241, -0.0, -0.0, 1.0, 0.827752, 0.0, 1.0, 0.0, 0.420446, 0.0, 0.0, 0.0, 1.0],
                [-1.0, 0.0, -0.0, 0.1825, -0.0, -0.0, 1.0, 0.870292, 0.0, 1.0, 0.0, 0.420446, 0.0, 0.0, 0.0, 1.0],
                [-1.0, 0.0, -0.0, 0.20371, -0.0, -0.0, 1.0, 0.92033, 0.0, 1.0, 0.0, 0.420446, 0.0, 0.0, 0.0, 1.0],
                [-1.0, 0.0, -0.0, 0.230473, -0.0, -0.0, 1.0, 0.986302, 0.0, 1.0, 0.0, 0.420446, 0.0, 0.0, 0.0, 1.0],
                [-1.0, 0.0, -0.0, 0.259453, -0.0, -0.0, 1.0, 1.076889, 0.0, 1.0, 0.0, 0.420446, 0.0, 0.0, 0.0, 1.0],
                [-1.0, 0.0, -0.0, 0.288797, -0.0, -0.0, 1.0, 1.182468, 0.0, 1.0, 0.0, 0.420446, 0.0, 0.0, 0.0, 1.0],
                [-1.0, 0.0, -0.0, 0.317744, -0.0, -0.0, 1.0, 1.289305, 0.0, 1.0, 0.0, 0.420446, 0.0, 0.0, 0.0, 1.0],
                [-1.0, 0.0, -0.0, 0.345789, -0.0, -0.0, 1.0, 1.38704, 0.0, 1.0, 0.0, 0.420446, 0.0, 0.0, 0.0, 1.0],
                [-1.0, 0.0, -0.0, 0.372987, -0.0, -0.0, 1.0, 1.479074, 0.0, 1.0, 0.0, 0.420446, 0.0, 0.0, 0.0, 1.0],
                [-1.0, 0.0, -0.0, 0.399241, -0.0, -0.0, 1.0, 1.565813, 0.0, 1.0, 0.0, 0.420446, 0.0, 0.0, 0.0, 1.0],
                [-1.0, 0.0, -0.0, 0.419343, -0.0, -0.0, 1.0, 1.63805, 0.0, 1.0, 0.0, 0.420446, 0.0, 0.0, 0.0, 1.0],
                [-1.0, 0.0, -0.0, 0.421693, -0.0, -0.0, 1.0, 1.69874, 0.0, 1.0, 0.0, 0.420446, 0.0, 0.0, 0.0, 1.0],
                [-1.0, 0.0, -0.0, 0.428519, -0.0, -0.0, 1.0, 1.770262, 0.0, 1.0, 0.0, 0.420446, 0.0, 0.0, 0.0, 1.0],
                [-1.0, 0.0, -0.0, 0.437851, -0.0, -0.0, 1.0, 1.852566, 0.0, 1.0, 0.0, 0.420447, 0.0, 0.0, 0.0, 1.0],
                [-1.0, 0.0, -0.0, 0.449298, -0.0, -0.0, 1.0, 1.929864, 0.0, 1.0, 0.0, 0.420447, 0.0, 0.0, 0.0, 1.0],
                [-1.0, 0.0, -0.0, 0.46247, -0.0, -0.0, 1.0, 1.986837, 0.0, 1.0, 0.0, 0.420447, 0.0, 0.0, 0.0, 1.0],
                [-1.0, 0.0, -0.0, 0.477391, -0.0, -0.0, 1.0, 2.038713, 0.0, 1.0, 0.0, 0.420447, 0.0, 0.0, 0.0, 1.0],
                [-1.0, 0.0, -0.0, 0.493748, -0.0, -0.0, 1.0, 2.101104, 0.0, 1.0, 0.0, 0.420447, 0.0, 0.0, 0.0, 1.0],
                [-1.0, 0.0, -0.0, 0.508198, -0.0, -0.0, 1.0, 2.180055, 0.0, 1.0, 0.0, 0.420447, 0.0, 0.0, 0.0, 1.0],
                [-1.0, 0.0, -0.0, 0.517396, -0.0, -0.0, 1.0, 2.280579, 0.0, 1.0, 0.0, 0.420447, 0.0, 0.0, 0.0, 1.0],
                [-1.0, 0.0, -0.0, 0.518826, -0.0, -0.0, 1.0, 2.389158, 0.0, 1.0, 0.0, 0.420447, 0.0, 0.0, 0.0, 1.0],
                [-1.0, 0.0, -0.0, 0.51252, -0.0, -0.0, 1.0, 2.483774, 0.0, 1.0, 0.0, 0.420447, 0.0, 0.0, 0.0, 1.0],
                [-1.0, 0.0, -0.0, 0.504685, -0.0, -0.0, 1.0, 2.552163, 0.0, 1.0, 0.0, 0.420447, 0.0, 0.0, 0.0, 1.0],
                [-1.0, 0.0, -0.0, 0.502469, -0.0, -0.0, 1.0, 2.606408, 0.0, 1.0, 0.0, 0.420447, 0.0, 0.0, 0.0, 1.0],
                [-1.0, 0.0, -0.0, 0.50697, -0.0, -0.0, 1.0, 2.65837, 0.0, 1.0, 0.0, 0.420447, 0.0, 0.0, 0.0, 1.0],
                [-1.0, 0.0, -0.0, 0.514593, -0.0, -0.0, 1.0, 2.706663, 0.0, 1.0, 0.0, 0.420447, 0.0, 0.0, 0.0, 1.0],
                [-1.0, 0.0, -0.0, 0.519192, -0.0, -0.0, 1.0, 2.748377, 0.0, 1.0, 0.0, 0.420447, 0.0, 0.0, 0.0, 1.0],
                [-1.0, 0.0, -0.0, 0.518185, -0.0, -0.0, 1.0, 2.822215, 0.0, 1.0, 0.0, 0.420447, 0.0, 0.0, 0.0, 1.0],
                [-1.0, 0.0, -0.0, 0.513917, -0.0, -0.0, 1.0, 2.907979, 0.0, 1.0, 0.0, 0.420447, 0.0, 0.0, 0.0, 1.0],
                [-1.0, 0.0, -0.0, 0.505417, -0.0, -0.0, 1.0, 2.990421, 0.0, 1.0, 0.0, 0.420447, 0.0, 0.0, 0.0, 1.0],
                [-1.0, 0.0, -0.0, 0.483785, -0.0, -0.0, 1.0, 3.071341, 0.0, 1.0, 0.0, 0.420447, 0.0, 0.0, 0.0, 1.0],
                [-1.0, 0.0, -0.0, 0.455803, -0.0, -0.0, 1.0, 3.153605, 0.0, 1.0, 0.0, 0.420447, 0.0, 0.0, 0.0, 1.0],
                [-1.0, 0.0, -0.0, 0.421144, -0.0, -0.0, 1.0, 3.23599, 0.0, 1.0, 0.0, 0.420447, 0.0, 0.0, 0.0, 1.0],
                [-1.0, 0.0, -0.0, 0.383124, -0.0, -0.0, 1.0, 3.318136, 0.0, 1.0, 0.0, 0.420447, 0.0, 0.0, 0.0, 1.0],
                [-1.0, 0.0, -0.0, 0.347022, -0.0, -0.0, 1.0, 3.397887, 0.0, 1.0, 0.0, 0.420447, 0.0, 0.0, 0.0, 1.0],
                [-1.0, 0.0, -0.0, 0.313863, -0.0, -0.0, 1.0, 3.475743, 0.0, 1.0, 0.0, 0.420447, 0.0, 0.0, 0.0, 1.0],
                [-1.0, 0.0, -0.0, 0.283512, -0.0, -0.0, 1.0, 3.548628, 0.0, 1.0, 0.0, 0.420447, 0.0, 0.0, 0.0, 1.0],
                [-1.0, 0.0, -0.0, 0.255909, -0.0, -0.0, 1.0, 3.615615, 0.0, 1.0, 0.0, 0.420447, 0.0, 0.0, 0.0, 1.0],
                [-1.0, 0.0, -0.0, 0.230163, -0.0, -0.0, 1.0, 3.677527, 0.0, 1.0, 0.0, 0.420447, 0.0, 0.0, 0.0, 1.0],
                [-1.0, 0.0, -0.0, 0.203862, -0.0, -0.0, 1.0, 3.736576, 0.0, 1.0, 0.0, 0.420447, 0.0, 0.0, 0.0, 1.0],
                [-1.0, 0.0, -0.0, 0.177992, -0.0, -0.0, 1.0, 3.792993, 0.0, 1.0, 0.0, 0.420447, 0.0, 0.0, 0.0, 1.0],
                [-1.0, 0.0, -0.0, 0.153919, -0.0, -0.0, 1.0, 3.851631, 0.0, 1.0, 0.0, 0.420447, 0.0, 0.0, 0.0, 1.0],
                [-1.0, 0.0, -0.0, 0.133074, -0.0, -0.0, 1.0, 3.915007, 0.0, 1.0, 0.0, 0.420447, 0.0, 0.0, 0.0, 1.0],
                [-1.0, 0.0, -0.0, 0.116286, -0.0, -0.0, 1.0, 3.986746, 0.0, 1.0, 0.0, 0.420447, 0.0, 0.0, 0.0, 1.0],
                [-1.0, 0.0, -0.0, 0.103596, -0.0, -0.0, 1.0, 4.06163, 0.0, 1.0, 0.0, 0.420447, 0.0, 0.0, 0.0, 1.0],
                [-1.0, 0.0, -0.0, 0.096747, -0.0, -0.0, 1.0, 4.135747, 0.0, 1.0, 0.0, 0.420447, 0.0, 0.0, 0.0, 1.0],
                [-1.0, 0.0, -0.0, 0.093622, -0.0, -0.0, 1.0, 4.203419, 0.0, 1.0, 0.0, 0.420447, 0.0, 0.0, 0.0, 1.0],
                [-1.0, 0.0, -0.0, 0.091749, -0.0, -0.0, 1.0, 4.259186, 0.0, 1.0, 0.0, 0.420447, 0.0, 0.0, 0.0, 1.0],
                [-1.0, 0.0, -0.0, 0.091565, -0.0, -0.0, 1.0, 4.301617, 0.0, 1.0, 0.0, 0.420447, 0.0, 0.0, 0.0, 1.0],
                [-1.0, 0.0, -0.0, 0.091539, -0.0, -0.0, 1.0, 4.336884, 0.0, 1.0, 0.0, 0.420447, 0.0, 0.0, 0.0, 1.0],
                [-1.0, 0.0, -0.0, 0.092297, -0.0, -0.0, 1.0, 4.370831, 0.0, 1.0, 0.0, 0.420447, 0.0, 0.0, 0.0, 1.0],
                [-1.0, 0.0, -0.0, 0.094961, -0.0, -0.0, 1.0, 4.401862, 0.0, 1.0, 0.0, 0.420447, 0.0, 0.0, 0.0, 1.0],
                [-1.0, 0.0, -0.0, 0.09893, -0.0, -0.0, 1.0, 4.430784, 0.0, 1.0, 0.0, 0.420447, 0.0, 0.0, 0.0, 1.0],
                [-1.0, 0.0, -0.0, 0.103378, -0.0, -0.0, 1.0, 4.458478, 0.0, 1.0, 0.0, 0.420447, 0.0, 0.0, 0.0, 1.0],
                [-1.0, 0.0, -0.0, 0.10843, -0.0, -0.0, 1.0, 4.484554, 0.0, 1.0, 0.0, 0.420447, 0.0, 0.0, 0.0, 1.0],
                [-1.0, 0.0, -0.0, 0.114195, -0.0, -0.0, 1.0, 4.509371, 0.0, 1.0, 0.0, 0.420447, 0.0, 0.0, 0.0, 1.0],
                [-1.0, 0.0, -0.0, 0.12062, -0.0, -0.0, 1.0, 4.533806, 0.0, 1.0, 0.0, 0.420447, 0.0, 0.0, 0.0, 1.0],
                [-1.0, 0.0, -0.0, 0.127486, -0.0, -0.0, 1.0, 4.558833, 0.0, 1.0, 0.0, 0.420447, 0.0, 0.0, 0.0, 1.0],
                [-1.0, 0.0, -0.0, 0.134548, -0.0, -0.0, 1.0, 4.585016, 0.0, 1.0, 0.0, 0.420447, 0.0, 0.0, 0.0, 1.0],
                [-1.0, 0.0, -0.0, 0.141874, -0.0, -0.0, 1.0, 4.611846, 0.0, 1.0, 0.0, 0.420447, 0.0, 0.0, 0.0, 1.0],
                [-1.0, 0.0, -0.0, 0.149832, -0.0, -0.0, 1.0, 4.639069, 0.0, 1.0, 0.0, 0.420447, 0.0, 0.0, 0.0, 1.0],
                [-1.0, 0.0, -0.0, 0.158486, -0.0, -0.0, 1.0, 4.667341, 0.0, 1.0, 0.0, 0.420447, 0.0, 0.0, 0.0, 1.0],
                [-1.0, 0.0, -0.0, 0.167572, -0.0, -0.0, 1.0, 4.696818, 0.0, 1.0, 0.0, 0.420447, 0.0, 0.0, 0.0, 1.0],
                [-1.0, 0.0, -0.0, 0.175848, -0.0, -0.0, 1.0, 4.727533, 0.0, 1.0, 0.0, 0.420447, 0.0, 0.0, 0.0, 1.0],
                [-1.0, 0.0, -0.0, 0.184697, -0.0, -0.0, 1.0, 4.759833, 0.0, 1.0, 0.0, 0.420447, 0.0, 0.0, 0.0, 1.0],
                [-1.0, 0.0, -0.0, 0.197959, -0.0, -0.0, 1.0, 4.792866, 0.0, 1.0, 0.0, 0.420447, 0.0, 0.0, 0.0, 1.0],
                [-1.0, 0.0, -0.0, 0.21702, -0.0, -0.0, 1.0, 4.826278, 0.0, 1.0, 0.0, 0.420447, 0.0, 0.0, 0.0, 1.0],
                [-1.0, 0.0, -0.0, 0.240558, -0.0, -0.0, 1.0, 4.860897, 0.0, 1.0, 0.0, 0.420447, 0.0, 0.0, 0.0, 1.0],
                [-1.0, 0.0, -0.0, 0.264728, -0.0, -0.0, 1.0, 4.892645, 0.0, 1.0, 0.0, 0.420447, 0.0, 0.0, 0.0, 1.0],
                [-1.0, 0.0, -0.0, 0.290513, -0.0, -0.0, 1.0, 4.924753, 0.0, 1.0, 0.0, 0.420447, 0.0, 0.0, 0.0, 1.0],
                [-1.0, 0.0, -0.0, 0.316802, -0.0, -0.0, 1.0, 4.969298, 0.0, 1.0, 0.0, 0.420447, 0.0, 0.0, 0.0, 1.0],
                [-1.0, 0.0, -0.0, 0.343642, -0.0, -0.0, 1.0, 5.036791, 0.0, 1.0, 0.0, 0.420448, 0.0, 0.0, 0.0, 1.0],
                [-1.0, 0.0, -0.0, 0.371768, -0.0, -0.0, 1.0, 5.115115, 0.0, 1.0, 0.0, 0.420448, 0.0, 0.0, 0.0, 1.0],
                [-1.0, 0.0, -0.0, 0.401036, -0.0, -0.0, 1.0, 5.20248, 0.0, 1.0, 0.0, 0.420448, 0.0, 0.0, 0.0, 1.0],
                [-1.0, 0.0, -0.0, 0.431267, -0.0, -0.0, 1.0, 5.275166, 0.0, 1.0, 0.0, 0.420448, 0.0, 0.0, 0.0, 1.0],
                [-1.0, 0.0, -0.0, 0.475318, -0.0, -0.0, 1.0, 5.33496, 0.0, 1.0, 0.0, 0.420448, 0.0, 0.0, 0.0, 1.0],
                [-1.0, 0.0, -0.0, 0.50975, -0.0, -0.0, 1.0, 5.382313, 0.0, 1.0, 0.0, 0.420448, 0.0, 0.0, 0.0, 1.0],
                [-1.0, 0.0, -0.0, 0.529671, -0.0, -0.0, 1.0, 5.42517, 0.0, 1.0, 0.0, 0.420448, 0.0, 0.0, 0.0, 1.0],
                [-1.0, 0.0, -0.0, 0.542186, -0.0, -0.0, 1.0, 5.463144, 0.0, 1.0, 0.0, 0.420448, 0.0, 0.0, 0.0, 1.0],
                [-1.0, 0.0, -0.0, 0.553648, -0.0, -0.0, 1.0, 5.497069, 0.0, 1.0, 0.0, 0.420448, 0.0, 0.0, 0.0, 1.0],
                [-1.0, 0.0, -0.0, 0.562355, -0.0, -0.0, 1.0, 5.52721, 0.0, 1.0, 0.0, 0.420448, 0.0, 0.0, 0.0, 1.0],
                [-1.0, 0.0, -0.0, 0.569603, -0.0, -0.0, 1.0, 5.555164, 0.0, 1.0, 0.0, 0.420448, 0.0, 0.0, 0.0, 1.0],
                [-1.0, 0.0, -0.0, 0.575685, -0.0, -0.0, 1.0, 5.582137, 0.0, 1.0, 0.0, 0.420448, 0.0, 0.0, 0.0, 1.0],
                [-1.0, 0.0, -0.0, 0.579998, -0.0, -0.0, 1.0, 5.604754, 0.0, 1.0, 0.0, 0.420448, 0.0, 0.0, 0.0, 1.0],
                [-1.0, 0.0, -0.0, 0.583752, -0.0, -0.0, 1.0, 5.623714, 0.0, 1.0, 0.0, 0.420448, 0.0, 0.0, 0.0, 1.0],
                [-1.0, 0.0, -0.0, 0.586751, -0.0, -0.0, 1.0, 5.639791, 0.0, 1.0, 0.0, 0.420448, 0.0, 0.0, 0.0, 1.0],
                [-1.0, 0.0, -0.0, 0.589434, -0.0, -0.0, 1.0, 5.653916, 0.0, 1.0, 0.0, 0.420448, 0.0, 0.0, 0.0, 1.0],
                [-1.0, 0.0, -0.0, 0.592388, -0.0, -0.0, 1.0, 5.667951, 0.0, 1.0, 0.0, 0.420448, 0.0, 0.0, 0.0, 1.0],
                [-1.0, 0.0, -0.0, 0.596141, -0.0, -0.0, 1.0, 5.682224, 0.0, 1.0, 0.0, 0.420448, 0.0, 0.0, 0.0, 1.0],
                [-1.0, 0.0, -0.0, 0.600683, -0.0, -0.0, 1.0, 5.696021, 0.0, 1.0, 0.0, 0.420448, 0.0, 0.0, 0.0, 1.0],
                [-1.0, 0.0, -0.0, 0.605004, -0.0, -0.0, 1.0, 5.7091, 0.0, 1.0, 0.0, 0.420448, 0.0, 0.0, 0.0, 1.0],
                [-1.0, 0.0, -0.0, 0.607897, -0.0, -0.0, 1.0, 5.72143, 0.0, 1.0, 0.0, 0.420448, 0.0, 0.0, 0.0, 1.0],
                [-1.0, 0.0, -0.0, 0.60755, -0.0, -0.0, 1.0, 5.733206, 0.0, 1.0, 0.0, 0.420448, 0.0, 0.0, 0.0, 1.0],
                [-1.0, 0.0, -0.0, 0.607203, -0.0, -0.0, 1.0, 5.739273, 0.0, 1.0, 0.0, 0.420448, 0.0, 0.0, 0.0, 1.0],
                [-1.0, 0.0, -0.0, 0.606856, -0.0, -0.0, 1.0, 5.74534, 0.0, 1.0, 0.0, 0.420448, 0.0, 0.0, 0.0, 1.0],
                [-1.0, 0.0, -0.0, 0.606508, -0.0, -0.0, 1.0, 5.745964, 0.0, 1.0, 0.0, 0.420448, 0.0, 0.0, 0.0, 1.0],
                [-1.0, 0.0, -0.0, 0.606701, -0.0, -0.0, 1.0, 5.746589, 0.0, 1.0, 0.0, 0.420448, 0.0, 0.0, 0.0, 1.0],
                [-1.0, 0.0, -0.0, 0.606894, -0.0, -0.0, 1.0, 5.747213, 0.0, 1.0, 0.0, 0.420448, 0.0, 0.0, 0.0, 1.0],
                [-1.0, 0.0, -0.0, 0.607087, -0.0, -0.0, 1.0, 5.747838, 0.0, 1.0, 0.0, 0.420448, 0.0, 0.0, 0.0, 1.0],
                [-1.0, 0.0, -0.0, 0.60728, -0.0, -0.0, 1.0, 5.748462, 0.0, 1.0, 0.0, 0.420448, 0.0, 0.0, 0.0, 1.0],
                [-1.0, 0.0, -0.0, 0.607473, -0.0, -0.0, 1.0, 5.749086, 0.0, 1.0, 0.0, 0.420448, 0.0, 0.0, 0.0, 1.0],
                [-1.0, 0.0, -0.0, 0.607665, -0.0, -0.0, 1.0, 5.749711, 0.0, 1.0, 0.0, 0.420448, 0.0, 0.0, 0.0, 1.0],
                [-1.0, 0.0, -0.0, 0.607858, -0.0, -0.0, 1.0, 5.750336, 0.0, 1.0, 0.0, 0.420448, 0.0, 0.0, 0.0, 1.0],
                [-1.0, 0.0, -0.0, 0.60853, -0.0, -0.0, 1.0, 5.75096, 0.0, 1.0, 0.0, 0.420448, 0.0, 0.0, 0.0, 1.0],
                [-1.0, 0.0, -0.0, 0.609201, -0.0, -0.0, 1.0, 5.751585, 0.0, 1.0, 0.0, 0.420448, 0.0, 0.0, 0.0, 1.0],
                [-1.0, 0.0, -0.0, 0.610436, -0.0, -0.0, 1.0, 5.752209, 0.0, 1.0, 0.0, 0.420448, 0.0, 0.0, 0.0, 1.0],
                [-1.0, 0.0, -0.0, 0.611809, -0.0, -0.0, 1.0, 5.752833, 0.0, 1.0, 0.0, 0.420448, 0.0, 0.0, 0.0, 1.0],
                [-1.0, 0.0, -0.0, 0.613288, -0.0, -0.0, 1.0, 5.753458, 0.0, 1.0, 0.0, 0.420448, 0.0, 0.0, 0.0, 1.0],
                [-1.0, 0.0, -0.0, 0.614896, -0.0, -0.0, 1.0, 5.754082, 0.0, 1.0, 0.0, 0.420448, 0.0, 0.0, 0.0, 1.0],
                [-1.0, 0.0, -0.0, 0.616714, -0.0, -0.0, 1.0, 5.754707, 0.0, 1.0, 0.0, 0.420448, 0.0, 0.0, 0.0, 1.0],
                [-1.0, 0.0, -0.0, 0.618792, -0.0, -0.0, 1.0, 5.755331, 0.0, 1.0, 0.0, 0.420448, 0.0, 0.0, 0.0, 1.0],
                [-1.0, 0.0, -0.0, 0.621143, -0.0, -0.0, 1.0, 5.755956, 0.0, 1.0, 0.0, 0.420448, 0.0, 0.0, 0.0, 1.0],
                [-1.0, 0.0, -0.0, 0.623727, -0.0, -0.0, 1.0, 5.75658, 0.0, 1.0, 0.0, 0.420448, 0.0, 0.0, 0.0, 1.0],
                [-1.0, 0.0, -0.0, 0.626468, -0.0, -0.0, 1.0, 5.757205, 0.0, 1.0, 0.0, 0.420448, 0.0, 0.0, 0.0, 1.0],
                [-1.0, 0.0, -0.0, 0.629291, -0.0, -0.0, 1.0, 5.759232, 0.0, 1.0, 0.0, 0.420448, 0.0, 0.0, 0.0, 1.0],
                [-1.0, 0.0, -0.0, 0.632228, -0.0, -0.0, 1.0, 5.761259, 0.0, 1.0, 0.0, 0.420448, 0.0, 0.0, 0.0, 1.0],
                [-1.0, 0.0, -0.0, 0.635354, -0.0, -0.0, 1.0, 5.763286, 0.0, 1.0, 0.0, 0.420448, 0.0, 0.0, 0.0, 1.0],
                [-1.0, 0.0, -0.0, 0.638665, -0.0, -0.0, 1.0, 5.765314, 0.0, 1.0, 0.0, 0.420448, 0.0, 0.0, 0.0, 1.0],
                [-1.0, 0.0, -0.0, 0.642152, -0.0, -0.0, 1.0, 5.767341, 0.0, 1.0, 0.0, 0.420448, 0.0, 0.0, 0.0, 1.0],
                [-1.0, 0.0, -0.0, 0.645799, -0.0, -0.0, 1.0, 5.769368, 0.0, 1.0, 0.0, 0.420448, 0.0, 0.0, 0.0, 1.0],
                [-1.0, 0.0, -0.0, 0.64958, -0.0, -0.0, 1.0, 5.771395, 0.0, 1.0, 0.0, 0.420448, 0.0, 0.0, 0.0, 1.0],
                [-1.0, 0.0, -0.0, 0.653461, -0.0, -0.0, 1.0, 5.775844, 0.0, 1.0, 0.0, 0.420448, 0.0, 0.0, 0.0, 1.0],
                [-1.0, 0.0, -0.0, 0.657399, -0.0, -0.0, 1.0, 5.780293, 0.0, 1.0, 0.0, 0.420448, 0.0, 0.0, 0.0, 1.0],
                [-1.0, 0.0, -0.0, 0.661345, -0.0, -0.0, 1.0, 5.784742, 0.0, 1.0, 0.0, 0.420448, 0.0, 0.0, 0.0, 1.0],
                [-1.0, 0.0, -0.0, 0.665248, -0.0, -0.0, 1.0, 5.789877, 0.0, 1.0, 0.0, 0.420448, 0.0, 0.0, 0.0, 1.0],
                [-1.0, 0.0, -0.0, 0.669059, -0.0, -0.0, 1.0, 5.795011, 0.0, 1.0, 0.0, 0.420448, 0.0, 0.0, 0.0, 1.0],
                [-1.0, 0.0, -0.0, 0.672732, -0.0, -0.0, 1.0, 5.800145, 0.0, 1.0, 0.0, 0.420448, 0.0, 0.0, 0.0, 1.0],
                [-1.0, 0.0, -0.0, 0.67623, -0.0, -0.0, 1.0, 5.805736, 0.0, 1.0, 0.0, 0.420448, 0.0, 0.0, 0.0, 1.0],
                [-1.0, 0.0, -0.0, 0.679528, -0.0, -0.0, 1.0, 5.811327, 0.0, 1.0, 0.0, 0.420448, 0.0, 0.0, 0.0, 1.0],
                [-1.0, 0.0, -0.0, 0.682608, -0.0, -0.0, 1.0, 5.816917, 0.0, 1.0, 0.0, 0.420448, 0.0, 0.0, 0.0, 1.0],
                [-1.0, 0.0, -0.0, 0.685461, -0.0, -0.0, 1.0, 5.822731, 0.0, 1.0, 0.0, 0.420448, 0.0, 0.0, 0.0, 1.0],
                [-1.0, 0.0, -0.0, 0.688085, -0.0, -0.0, 1.0, 5.828544, 0.0, 1.0, 0.0, 0.420448, 0.0, 0.0, 0.0, 1.0],
                [-1.0, 0.0, -0.0, 0.690485, -0.0, -0.0, 1.0, 5.834357, 0.0, 1.0, 0.0, 0.420448, 0.0, 0.0, 0.0, 1.0],
                [-1.0, 0.0, -0.0, 0.69261, -0.0, -0.0, 1.0, 5.842369, 0.0, 1.0, 0.0, 0.420448, 0.0, 0.0, 0.0, 1.0],
                [-1.0, 0.0, -0.0, 0.694187, -0.0, -0.0, 1.0, 5.85038, 0.0, 1.0, 0.0, 0.420448, 0.0, 0.0, 0.0, 1.0],
                [-1.0, 0.0, -0.0, 0.694263, -0.0, -0.0, 1.0, 5.856556, 0.0, 1.0, 0.0, 0.420448, 0.0, 0.0, 0.0, 1.0],
                [-1.0, 0.0, -0.0, 0.69434, -0.0, -0.0, 1.0, 5.862732, 0.0, 1.0, 0.0, 0.420448, 0.0, 0.0, 0.0, 1.0],
                [-1.0, 0.0, -0.0, 0.694416, -0.0, -0.0, 1.0, 5.859308, 0.0, 1.0, 0.0, 0.420448, 0.0, 0.0, 0.0, 1.0],
                [-1.0, 0.0, -0.0, 0.692325, -0.0, -0.0, 1.0, 5.855885, 0.0, 1.0, 0.0, 0.420448, 0.0, 0.0, 0.0, 1.0],
                [-1.0, 0.0, -0.0, 0.689832, -0.0, -0.0, 1.0, 5.852461, 0.0, 1.0, 0.0, 0.420448, 0.0, 0.0, 0.0, 1.0],
                [-1.0, 0.0, -0.0, 0.686318, -0.0, -0.0, 1.0, 5.849037, 0.0, 1.0, 0.0, 0.420448, 0.0, 0.0, 0.0, 1.0],
                [-1.0, 0.0, -0.0, 0.682245, -0.0, -0.0, 1.0, 5.836326, 0.0, 1.0, 0.0, 0.420448, 0.0, 0.0, 0.0, 1.0],
                [-1.0, 0.0, -0.0, 0.677451, -0.0, -0.0, 1.0, 5.820664, 0.0, 1.0, 0.0, 0.420448, 0.0, 0.0, 0.0, 1.0],
                [-1.0, 0.0, -0.0, 0.671535, -0.0, -0.0, 1.0, 5.802132, 0.0, 1.0, 0.0, 0.420448, 0.0, 0.0, 0.0, 1.0],
                [-1.0, 0.0, -0.0, 0.664582, -0.0, -0.0, 1.0, 5.781892, 0.0, 1.0, 0.0, 0.420448, 0.0, 0.0, 0.0, 1.0],
                [-1.0, 0.0, -0.0, 0.656492, -0.0, -0.0, 1.0, 5.758783, 0.0, 1.0, 0.0, 0.420448, 0.0, 0.0, 0.0, 1.0],
                [-1.0, 0.0, -0.0, 0.648064, -0.0, -0.0, 1.0, 5.732669, 0.0, 1.0, 0.0, 0.420448, 0.0, 0.0, 0.0, 1.0],
                [-1.0, 0.0, -0.0, 0.64051, -0.0, -0.0, 1.0, 5.705061, 0.0, 1.0, 0.0, 0.420448, 0.0, 0.0, 0.0, 1.0],
                [-1.0, 0.0, -0.0, 0.632696, -0.0, -0.0, 1.0, 5.674503, 0.0, 1.0, 0.0, 0.420448, 0.0, 0.0, 0.0, 1.0],
                [-1.0, 0.0, -0.0, 0.6217, -0.0, -0.0, 1.0, 5.639665, 0.0, 1.0, 0.0, 0.420448, 0.0, 0.0, 0.0, 1.0],
                [-1.0, 0.0, -0.0, 0.607493, -0.0, -0.0, 1.0, 5.600311, 0.0, 1.0, 0.0, 0.420448, 0.0, 0.0, 0.0, 1.0],
                [-1.0, 0.0, -0.0, 0.590156, -0.0, -0.0, 1.0, 5.556536, 0.0, 1.0, 0.0, 0.420448, 0.0, 0.0, 0.0, 1.0],
                [-1.0, 0.0, -0.0, 0.57121, -0.0, -0.0, 1.0, 5.513451, 0.0, 1.0, 0.0, 0.420448, 0.0, 0.0, 0.0, 1.0],
                [-1.0, 0.0, -0.0, 0.551802, -0.0, -0.0, 1.0, 5.472203, 0.0, 1.0, 0.0, 0.420448, 0.0, 0.0, 0.0, 1.0],
                [-1.0, 0.0, -0.0, 0.531419, -0.0, -0.0, 1.0, 5.431321, 0.0, 1.0, 0.0, 0.420448, 0.0, 0.0, 0.0, 1.0],
                [-1.0, 0.0, -0.0, 0.509978, -0.0, -0.0, 1.0, 5.390728, 0.0, 1.0, 0.0, 0.420448, 0.0, 0.0, 0.0, 1.0],
                [-1.0, 0.0, -0.0, 0.487778, -0.0, -0.0, 1.0, 5.350226, 0.0, 1.0, 0.0, 0.420448, 0.0, 0.0, 0.0, 1.0],
                [-1.0, 0.0, -0.0, 0.465278, -0.0, -0.0, 1.0, 5.309628, 0.0, 1.0, 0.0, 0.420448, 0.0, 0.0, 0.0, 1.0],
                [-1.0, 0.0, -0.0, 0.441244, -0.0, -0.0, 1.0, 5.268006, 0.0, 1.0, 0.0, 0.420448, 0.0, 0.0, 0.0, 1.0],
                [-1.0, 0.0, -0.0, 0.417537, -0.0, -0.0, 1.0, 5.228439, 0.0, 1.0, 0.0, 0.420448, 0.0, 0.0, 0.0, 1.0],
                [-1.0, 0.0, -0.0, 0.395932, -0.0, -0.0, 1.0, 5.193598, 0.0, 1.0, 0.0, 0.420448, 0.0, 0.0, 0.0, 1.0],
                [-1.0, 0.0, -0.0, 0.377387, -0.0, -0.0, 1.0, 5.160946, 0.0, 1.0, 0.0, 0.420448, 0.0, 0.0, 0.0, 1.0],
                [-1.0, 0.0, -0.0, 0.362102, -0.0, -0.0, 1.0, 5.126942, 0.0, 1.0, 0.0, 0.420448, 0.0, 0.0, 0.0, 1.0],
                [-1.0, 0.0, -0.0, 0.350535, -0.0, -0.0, 1.0, 5.094706, 0.0, 1.0, 0.0, 0.420448, 0.0, 0.0, 0.0, 1.0],
                [-1.0, 0.0, -0.0, 0.341702, -0.0, -0.0, 1.0, 5.065016, 0.0, 1.0, 0.0, 0.420448, 0.0, 0.0, 0.0, 1.0],
                [-1.0, 0.0, -0.0, 0.335774, -0.0, -0.0, 1.0, 5.039297, 0.0, 1.0, 0.0, 0.420448, 0.0, 0.0, 0.0, 1.0],
                [-1.0, 0.0, -0.0, 0.331326, -0.0, -0.0, 1.0, 5.017535, 0.0, 1.0, 0.0, 0.420447, 0.0, 0.0, 0.0, 1.0],
                [-1.0, 0.0, -0.0, 0.328759, -0.0, -0.0, 1.0, 5.00018, 0.0, 1.0, 0.0, 0.420447, 0.0, 0.0, 0.0, 1.0],
                [-1.0, 0.0, -0.0, 0.327146, -0.0, -0.0, 1.0, 4.984744, 0.0, 1.0, 0.0, 0.420447, 0.0, 0.0, 0.0, 1.0],
                [-1.0, 0.0, -0.0, 0.326547, -0.0, -0.0, 1.0, 4.971931, 0.0, 1.0, 0.0, 0.420447, 0.0, 0.0, 0.0, 1.0],
                [-1.0, 0.0, -0.0, 0.325889, -0.0, -0.0, 1.0, 4.964796, 0.0, 1.0, 0.0, 0.420447, 0.0, 0.0, 0.0, 1.0],
                [-1.0, 0.0, -0.0, 0.32488, -0.0, -0.0, 1.0, 4.957661, 0.0, 1.0, 0.0, 0.420447, 0.0, 0.0, 0.0, 1.0],
                [-1.0, 0.0, -0.0, 0.323128, -0.0, -0.0, 1.0, 4.962435, 0.0, 1.0, 0.0, 0.420447, 0.0, 0.0, 0.0, 1.0],
                [-1.0, 0.0, -0.0, 0.320944, -0.0, -0.0, 1.0, 4.967209, 0.0, 1.0, 0.0, 0.420447, 0.0, 0.0, 0.0, 1.0],
                [-1.0, 0.0, -0.0, 0.318519, -0.0, -0.0, 1.0, 4.971983, 0.0, 1.0, 0.0, 0.420447, 0.0, 0.0, 0.0, 1.0],
                [-1.0, 0.0, -0.0, 0.315953, -0.0, -0.0, 1.0, 4.980394, 0.0, 1.0, 0.0, 0.420447, 0.0, 0.0, 0.0, 1.0],
                [-1.0, 0.0, -0.0, 0.313153, -0.0, -0.0, 1.0, 4.9904, 0.0, 1.0, 0.0, 0.420447, 0.0, 0.0, 0.0, 1.0],
                [-1.0, 0.0, -0.0, 0.31018, -0.0, -0.0, 1.0, 5.001727, 0.0, 1.0, 0.0, 0.420447, 0.0, 0.0, 0.0, 1.0],
                [-1.0, 0.0, -0.0, 0.307159, -0.0, -0.0, 1.0, 5.013679, 0.0, 1.0, 0.0, 0.420447, 0.0, 0.0, 0.0, 1.0],
                [-1.0, 0.0, -0.0, 0.304247, -0.0, -0.0, 1.0, 5.02533, 0.0, 1.0, 0.0, 0.420447, 0.0, 0.0, 0.0, 1.0],
                [-1.0, 0.0, -0.0, 0.301558, -0.0, -0.0, 1.0, 5.035926, 0.0, 1.0, 0.0, 0.420448, 0.0, 0.0, 0.0, 1.0],
                [-1.0, 0.0, -0.0, 0.299137, -0.0, -0.0, 1.0, 5.045028, 0.0, 1.0, 0.0, 0.420448, 0.0, 0.0, 0.0, 1.0],
                [-1.0, 0.0, -0.0, 0.296669, -0.0, -0.0, 1.0, 5.054131, 0.0, 1.0, 0.0, 0.420448, 0.0, 0.0, 0.0, 1.0],
                [-1.0, 0.0, -0.0, 0.294191, -0.0, -0.0, 1.0, 5.061598, 0.0, 1.0, 0.0, 0.420448, 0.0, 0.0, 0.0, 1.0],
                [-1.0, 0.0, -0.0, 0.292472, -0.0, -0.0, 1.0, 5.069066, 0.0, 1.0, 0.0, 0.420448, 0.0, 0.0, 0.0, 1.0],
                [-1.0, 0.0, -0.0, 0.292461, -0.0, -0.0, 1.0, 5.069104, 0.0, 1.0, 0.0, 0.420448, 0.0, 0.0, 0.0, 1.0]
            ]
        },
        {
            "name": "Thigh_R",
            "time": [0.0, 0.0417, 0.0833, 0.125, 0.1667, 0.2083, 0.25, 0.2917, 0.3333, 0.375, 0.4167, 0.4583, 0.5, 0.5417, 0.5833, 0.625, 0.6667, 0.7083, 0.75, 0.7917, 0.8333, 0.875, 0.9167, 0.9583, 1.0, 1.0417, 1.0833, 1.125, 1.1667, 1.2083, 1.25, 1.2917, 1.3333, 1.375, 1.4167, 1.4583, 1.5, 1.5417, 1.5833, 1.625, 1.6667, 1.7083, 1.75, 1.7917, 1.8333, 1.875, 1.9167, 1.9583, 2.0, 2.0417, 2.0833, 2.125, 2.1667, 2.2083, 2.25, 2.2917, 2.3333, 2.375, 2.4167, 2.4583, 2.5, 2.5417, 2.5833, 2.625, 2.6667, 2.7083, 2.75, 2.7917, 2.8333, 2.875, 2.9167, 2.9583, 3.0, 3.0417, 3.0833, 3.125, 3.1667, 3.2083, 3.25, 3.2917, 3.3333, 3.375, 3.4167, 3.4583, 3.5, 3.5417, 3.5833, 3.625, 3.6667, 3.7083, 3.75, 3.7917, 3.8333, 3.875, 3.9167, 3.9583, 4.0, 4.0417, 4.0833, 4.125, 4.1667, 4.2083, 4.25, 4.2917, 4.3333, 4.375, 4.4167, 4.4583, 4.5, 4.5417, 4.5833, 4.625, 4.6667, 4.7083, 4.75, 4.7917, 4.8333, 4.875, 4.9167, 4.9583, 5.0, 5.0417, 5.0833, 5.125, 5.1667, 5.2083, 5.25, 5.2917, 5.3333, 5.375, 5.4167, 5.4583, 5.5, 5.5417, 5.5833, 5.625, 5.6667, 5.7083, 5.75, 5.7917, 5.8333, 5.875, 5.9167, 5.9583, 6.0, 6.0417, 6.0833, 6.125, 6.1667, 6.2083, 6.25, 6.2917, 6.3333, 6.375, 6.4167, 6.4583, 6.5, 6.5417, 6.5833, 6.625, 6.6667, 6.7083, 6.75, 6.7917, 6.8333, 6.875, 6.9167, 6.9583, 7.0, 7.0417, 7.0833, 7.125, 7.1667, 7.2083, 7.25, 7.2917, 7.3333, 7.375, 7.4167, 7.4583, 7.5, 7.5417, 7.5833, 7.625, 7.6667, 7.7083, 7.75, 7.7917, 7.8333, 7.875, 7.9167, 7.9583, 8.0, 8.0417, 8.0833, 8.125, 8.1667, 8.2083, 8.25, 8.2917, 8.3333],
            "transform": [
                [-0.888116, -0.230977, 0.397371, 0.096352, 0.435139, -0.14412, 0.888756, 0.058239, -0.148013, 0.962227, 0.228502, 0.033027, 0.0, 0.0, 0.0, 1.0],
                [-0.896392, -0.266856, 0.353942, 0.096352, 0.385223, -0.073947, 0.919859, 0.058239, -0.219297, 0.960897, 0.169084, 0.033027, 0.0, 0.0, 0.0, 1.0],
                [-0.897532, -0.28081, 0.339982, 0.096352, 0.360667, -0.023909, 0.932391, 0.058239, -0.253696, 0.959466, 0.122737, 0.033027, 0.0, 0.0, 0.0, 1.0],
                [-0.893218, -0.282428, 0.349859, 0.096351, 0.356637, 0.028835, 0.9338, 0.058239, -0.27382, 0.958856, 0.074968, 0.033027, 0.0, 0.0, 0.0, 1.0],
                [-0.889058, -0.287072, 0.35661, 0.096351, 0.356683, 0.05395, 0.932669, 0.058238, -0.286982, 0.95639, 0.054429, 0.033027, 0.0, 0.0, 0.0, 1.0],
                [-0.88452, -0.286487, 0.368177, 0.096352, 0.362858, 0.07351, 0.928942, 0.058239, -0.293195, 0.955261, 0.038933, 0.033027, 0.0, 0.0, 0.0, 1.0],
                [-0.880696, -0.290271, 0.374331, 0.096352, 0.366111, 0.084325, 0.926745, 0.058238, -0.300572, 0.953223, 0.032006, 0.033027, 0.0, 0.0, 0.0, 1.0],
                [-0.876639, -0.300799, 0.37554, 0.096351, 0.368816, 0.081165, 0.925955, 0.058239, -0.309007, 0.950229, 0.039787, 0.033027, 0.0, 0.0, 0.0, 1.0],
                [-0.876702, -0.313343, 0.364987, 0.096352, 0.366212, 0.057226, 0.928773, 0.058239, -0.311911, 0.947915, 0.06458, 0.033027, 0.0, 0.0, 0.0, 1.0],
                [-0.869545, -0.313101, 0.381922, 0.096352, 0.395793, 0.020718, 0.918108, 0.058239, -0.295373, 0.949494, 0.105907, 0.033027, 0.0, 0.0, 0.0, 1.0],
                [-0.854775, -0.293991, 0.427708, 0.096352, 0.452134, -0.017172, 0.891787, 0.058238, -0.254833, 0.955655, 0.147601, 0.033027, 0.0, 0.0, 0.0, 1.0],
                [-0.840766, -0.277815, 0.464692, 0.096352, 0.497837, -0.059372, 0.865239, 0.058238, -0.212787, 0.9588, 0.188224, 0.033027, 0.0, 0.0, 0.0, 1.0],
                [-0.821844, -0.255868, 0.509029, 0.096352, 0.546588, -0.102114, 0.831155, 0.058238, -0.160687, 0.961305, 0.223775, 0.033027, 0.0, 0.0, 0.0, 1.0],
                [-0.798514, -0.233538, 0.554835, 0.096351, 0.592992, -0.146462, 0.79178, 0.058238, -0.103649, 0.961255, 0.255437, 0.033027, 0.0, 0.0, 0.0, 1.0],
                [-0.78315, -0.214687, 0.583603, 0.096351, 0.619974, -0.196955, 0.759504, 0.058239, -0.048112, 0.956619, 0.287345, 0.033027, 0.0, 0.0, 0.0, 1.0],
                [-0.819418, -0.157559, 0.551121, 0.096352, 0.573176, -0.234228, 0.785246, 0.058239, 0.005365, 0.95933, 0.28224, 0.033027, 0.0, 0.0, 0.0, 1.0],
                [-0.831693, -0.120518, 0.542004, 0.096352, 0.550265, -0.309296, 0.775596, 0.058239, 0.074166, 0.943299, 0.323555, 0.033027, 0.0, 0.0, 0.0, 1.0],
                [-0.791591, -0.150826, 0.592148, 0.096351, 0.591444, -0.432652, 0.680448, 0.058239, 0.153564, 0.888856, 0.431688, 0.033027, 0.0, 0.0, 0.0, 1.0],
                [-0.755389, -0.206449, 0.621909, 0.096352, 0.624578, -0.513942, 0.588021, 0.058239, 0.198229, 0.832612, 0.517169, 0.033027, 0.0, 0.0, 0.0, 1.0],
                [-0.763439, -0.227246, 0.604588, 0.096351, 0.621225, -0.514531, 0.591051, 0.058239, 0.176765, 0.826812, 0.533984, 0.033027, 0.0, 0.0, 0.0, 1.0],
                [-0.733039, -0.226994, 0.641197, 0.096352, 0.643503, -0.536848, 0.545621, 0.058239, 0.220372, 0.812569, 0.539601, 0.033027, 0.0, 0.0, 0.0, 1.0],
                [-0.675105, -0.212802, 0.706366, 0.096351, 0.658652, -0.605146, 0.447192, 0.058239, 0.332291, 0.767148, 0.548698, 0.033027, 0.0, 0.0, 0.0, 1.0],
                [-0.631846, -0.168407, 0.756581, 0.096352, 0.631838, -0.677291, 0.37691, 0.058238, 0.448951, 0.716183, 0.534348, 0.033027, 0.0, 0.0, 0.0, 1.0],
                [-0.571267, -0.096412, 0.815086, 0.096352, 0.575626, -0.754969, 0.314134, 0.058239, 0.585078, 0.648636, 0.486785, 0.033027, 0.0, 0.0, 0.0, 1.0],
                [-0.512069, -0.037688, 0.858121, 0.096352, 0.504433, -0.821808, 0.264918, 0.058239, 0.695226, 0.568518, 0.439833, 0.033027, 0.0, 0.0, 0.0, 1.0],
                [-0.485122, -0.004631, 0.874437, 0.096352, 0.468092, -0.846026, 0.255209, 0.058239, 0.738614, 0.533122, 0.412593, 0.033027, 0.0, 0.0, 0.0, 1.0],
                [-0.498791, -0.004487, 0.866713, 0.096352, 0.478997, -0.834828, 0.271339, 0.058239, 0.722339, 0.550493, 0.418553, 0.033027, 0.0, 0.0, 0.0, 1.0],
                [-0.556218, -0.00589, 0.831018, 0.096351, 0.50061, -0.800557, 0.329394, 0.058239, 0.663338, 0.599229, 0.448232, 0.033028, 0.0, 0.0, 0.0, 1.0],
                [-0.604965, -0.008624, 0.796208, 0.096352, 0.549954, -0.727649, 0.409977, 0.058239, 0.575824, 0.685897, 0.444944, 0.033028, 0.0, 0.0, 0.0, 1.0],
                [-0.65957, -0.007455, 0.75161, 0.096352, 0.577955, -0.644346, 0.500789, 0.058239, 0.480564, 0.764699, 0.429299, 0.033027, 0.0, 0.0, 0.0, 1.0],
                [-0.698593, 0.000284, 0.715524, 0.096352, 0.587066, -0.571463, 0.5734, 0.058238, 0.409059, 0.820629, 0.399052, 0.033028, 0.0, 0.0, 0.0, 1.0],
                [-0.734719, 0.014023, 0.678231, 0.096352, 0.586239, -0.489949, 0.645196, 0.058238, 0.341346, 0.871639, 0.351754, 0.033027, 0.0, 0.0, 0.0, 1.0],
                [-0.763931, 0.031741, 0.644522, 0.096351, 0.577973, -0.410544, 0.705269, 0.058239, 0.286991, 0.911289, 0.295281, 0.033027, 0.0, 0.0, 0.0, 1.0],
                [-0.784812, 0.041378, 0.618356, 0.096351, 0.565438, -0.360621, 0.741779, 0.058239, 0.253686, 0.931795, 0.259622, 0.033027, 0.0, 0.0, 0.0, 1.0],
                [-0.775211, 0.0571, 0.629121, 0.096352, 0.571964, -0.359324, 0.737393, 0.058238, 0.268163, 0.931465, 0.245892, 0.033027, 0.0, 0.0, 0.0, 1.0],
                [-0.742703, 0.079008, 0.664948, 0.096352, 0.597935, -0.368783, 0.711672, 0.058239, 0.301449, 0.926153, 0.226653, 0.033026, 0.0, 0.0, 0.0, 1.0],
                [-0.720001, 0.095491, 0.687376, 0.096351, 0.615492, -0.369693, 0.696061, 0.058239, 0.320586, 0.924235, 0.207405, 0.033027, 0.0, 0.0, 0.0, 1.0],
                [-0.730004, 0.104556, 0.675401, 0.096351, 0.610927, -0.343177, 0.713443, 0.058238, 0.306377, 0.933434, 0.186644, 0.033027, 0.0, 0.0, 0.0, 1.0],
                [-0.7499, 0.132884, 0.648071, 0.096352, 0.605725, -0.25596, 0.753382, 0.058239, 0.265993, 0.957511, 0.111453, 0.033027, 0.0, 0.0, 0.0, 1.0],
                [-0.78051, 0.150495, 0.606764, 0.096352, 0.588651, -0.149865, 0.794378, 0.058239, 0.210482, 0.977187, 0.028382, 0.033027, 0.0, 0.0, 0.0, 1.0],
                [-0.816438, 0.149844, 0.557657, 0.096352, 0.558921, -0.037539, 0.828374, 0.058238, 0.14506, 0.987998, -0.053102, 0.033027, 0.0, 0.0, 0.0, 1.0],
                [-0.844624, 0.140392, 0.51663, 0.096351, 0.528154, 0.060641, 0.846983, 0.058239, 0.08758, 0.988238, -0.125368, 0.033027, 0.0, 0.0, 0.0, 1.0],
                [-0.856448, 0.139042, 0.497162, 0.096351, 0.513646, 0.133086, 0.847621, 0.058239, 0.051689, 0.981304, -0.185399, 0.033027, 0.0, 0.0, 0.0, 1.0],
                [-0.859613, 0.137775, 0.492026, 0.096351, 0.509436, 0.156983, 0.84607, 0.058239, 0.039327, 0.977945, -0.205132, 0.033027, 0.0, 0.0, 0.0, 1.0],
                [-0.862927, 0.100986, 0.495141, 0.096352, 0.503645, 0.091811, 0.859021, 0.058238, 0.04129, 0.990644, -0.130087, 0.033027, 0.0, 0.0, 0.0, 1.0],
                [-0.875155, 0.070527, 0.478681, 0.096351, 0.482164, 0.044633, 0.874946, 0.058239, 0.040342, 0.996512, -0.073067, 0.033027, 0.0, 0.0, 0.0, 1.0],
                [-0.89134, 0.03333, 0.452116, 0.096351, 0.452149, -0.006967, 0.891918, 0.058239, 0.032877, 0.999421, -0.008861, 0.033027, 0.0, 0.0, 0.0, 1.0],
                [-0.906821, -0.016713, 0.421191, 0.096352, 0.421377, -0.062233, 0.90475, 0.058238, 0.011091, 0.997923, 0.063476, 0.033027, 0.0, 0.0, 0.0, 1.0],
                [-0.91908, -0.076146, 0.386652, 0.096352, 0.39337, -0.118473, 0.911717, 0.058238, -0.023615, 0.990035, 0.138839, 0.033028, 0.0, 0.0, 0.0, 1.0],
                [-0.92536, -0.145596, 0.350024, 0.096351, 0.372261, -0.17442, 0.911595, 0.058238, -0.071674, 0.973849, 0.2156, 0.033027, 0.0, 0.0, 0.0, 1.0],
                [-0.929453, -0.223405, 0.293619, 0.096351, 0.342102, -0.223837, 0.912615, 0.058238, -0.13816, 0.948678, 0.284473, 0.033027, 0.0, 0.0, 0.0, 1.0],
                [-0.929618, -0.258593, 0.262573, 0.096351, 0.336494, -0.305037, 0.890914, 0.058239, -0.15029, 0.916561, 0.370582, 0.033027, 0.0, 0.0, 0.0, 1.0],
                [-0.93119, -0.247366, 0.267769, 0.096352, 0.352391, -0.422756, 0.834926, 0.058239, -0.093332, 0.871831, 0.480835, 0.033027, 0.0, 0.0, 0.0, 1.0],
                [-0.93244, -0.229282, 0.279268, 0.096351, 0.360754, -0.547016, 0.755403, 0.058239, -0.020437, 0.805112, 0.592773, 0.033027, 0.0, 0.0, 0.0, 1.0],
                [-0.937492, -0.239683, 0.252323, 0.096352, 0.348003, -0.651992, 0.67365, 0.058238, 0.00305, 0.719347, 0.694647, 0.033027, 0.0, 0.0, 0.0, 1.0],
                [-0.945946, -0.284988, 0.154839, 0.096351, 0.318834, -0.729529, 0.605091, 0.058238, -0.059484, 0.621749, 0.780958, 0.033027, 0.0, 0.0, 0.0, 1.0],
                [-0.940589, -0.339395, 0.01044, 0.096352, 0.287775, -0.780455, 0.555047, 0.058239, -0.180232, 0.525074, 0.831756, 0.033027, 0.0, 0.0, 0.0, 1.0],
                [-0.912289, -0.383712, -0.143171, 0.096352, 0.262878, -0.816685, 0.513734, 0.058239, -0.314052, 0.431036, 0.845921, 0.033028, 0.0, 0.0, 0.0, 1.0],
                [-0.872097, -0.407587, -0.270785, 0.096351, 0.250629, -0.847325, 0.468217, 0.058239, -0.420283, 0.340463, 0.841101, 0.033027, 0.0, 0.0, 0.0, 1.0],
                [-0.830725, -0.425003, -0.359545, 0.096351, 0.251846, -0.862913, 0.438128, 0.058239, -0.496462, 0.273413, 0.823878, 0.033028, 0.0, 0.0, 0.0, 1.0],
                [-0.791254, -0.447079, -0.417183, 0.096351, 0.256671, -0.862055, 0.437016, 0.058239, -0.555016, 0.238711, 0.796856, 0.033028, 0.0, 0.0, 0.0, 1.0],
                [-0.778641, -0.468678, -0.41721, 0.096352, 0.270958, -0.85086, 0.450135, 0.058238, -0.565955, 0.237447, 0.789505, 0.033027, 0.0, 0.0, 0.0, 1.0],
                [-0.778861, -0.490463, -0.390929, 0.096352, 0.288456, -0.833575, 0.471113, 0.058238, -0.556933, 0.254165, 0.790715, 0.033027, 0.0, 0.0, 0.0, 1.0],
                [-0.781378, -0.510364, -0.359141, 0.096351, 0.302361, -0.813038, 0.497543, 0.058239, -0.545923, 0.280179, 0.789603, 0.033027, 0.0, 0.0, 0.0, 1.0],
                [-0.785316, -0.525815, -0.326805, 0.096352, 0.31378, -0.7931, 0.522051, 0.058238, -0.533691, 0.307429, 0.787823, 0.033027, 0.0, 0.0, 0.0, 1.0],
                [-0.788688, -0.535857, -0.301383, 0.096352, 0.321125, -0.777088, 0.541309, 0.058239, -0.524265, 0.330141, 0.784957, 0.033027, 0.0, 0.0, 0.0, 1.0],
                [-0.791816, -0.540639, -0.28415, 0.096351, 0.321351, -0.764412, 0.558937, 0.058238, -0.519391, 0.351262, 0.779007, 0.033027, 0.0, 0.0, 0.0, 1.0],
                [-0.79572, -0.539535, -0.275201, 0.096352, 0.317129, -0.758259, 0.569627, 0.058239, -0.516007, 0.365988, 0.774463, 0.033028, 0.0, 0.0, 0.0, 1.0],
                [-0.799881, -0.535897, -0.270202, 0.096352, 0.313622, -0.757083, 0.573122, 0.058238, -0.5117, 0.373687, 0.773644, 0.033028, 0.0, 0.0, 0.0, 1.0],
                [-0.805086, -0.528296, -0.269712, 0.096352, 0.306732, -0.759979, 0.573019, 0.058239, -0.507699, 0.378599, 0.773893, 0.033028, 0.0, 0.0, 0.0, 1.0],
                [-0.810858, -0.518737, -0.270973, 0.096352, 0.297167, -0.76381, 0.572965, 0.058239, -0.50419, 0.384067, 0.773492, 0.033028, 0.0, 0.0, 0.0, 1.0],
                [-0.816903, -0.508336, -0.272524, 0.096352, 0.285843, -0.76719, 0.574209, 0.058239, -0.500969, 0.391172, 0.772023, 0.033027, 0.0, 0.0, 0.0, 1.0],
                [-0.823459, -0.496335, -0.274904, 0.096352, 0.272078, -0.770604, 0.576321, 0.058238, -0.497891, 0.39978, 0.769601, 0.033028, 0.0, 0.0, 0.0, 1.0],
                [-0.831052, -0.482084, -0.277402, 0.096352, 0.255462, -0.773866, 0.579547, 0.058239, -0.494063, 0.410766, 0.766275, 0.033027, 0.0, 0.0, 0.0, 1.0],
                [-0.840221, -0.46558, -0.277972, 0.096352, 0.235263, -0.774867, 0.586717, 0.058238, -0.488555, 0.427574, 0.760592, 0.033025, 0.0, 0.0, 0.0, 1.0],
                [-0.850924, -0.445871, -0.277727, 0.096351, 0.212587, -0.775779, 0.594118, 0.058238, -0.480355, 0.446507, 0.754914, 0.033027, 0.0, 0.0, 0.0, 1.0],
                [-0.864488, -0.421006, -0.274626, 0.096352, 0.188903, -0.778405, 0.598669, 0.058238, -0.465813, 0.465663, 0.75245, 0.033027, 0.0, 0.0, 0.0, 1.0],
                [-0.877165, -0.393099, -0.275791, 0.096352, 0.163409, -0.78441, 0.598332, 0.058238, -0.451537, 0.479767, 0.752291, 0.033027, 0.0, 0.0, 0.0, 1.0],
                [-0.891307, -0.367171, -0.266011, 0.096351, 0.148465, -0.790696, 0.593937, 0.058239, -0.42841, 0.489886, 0.759263, 0.033026, 0.0, 0.0, 0.0, 1.0],
                [-0.909188, -0.337119, -0.244404, 0.096351, 0.10863, -0.758665, 0.642363, 0.058238, -0.401973, 0.557477, 0.72639, 0.033027, 0.0, 0.0, 0.0, 1.0],
                [-0.948048, -0.261311, -0.181461, 0.096352, 0.078911, -0.745711, 0.661582, 0.058238, -0.308196, 0.612889, 0.727589, 0.033026, 0.0, 0.0, 0.0, 1.0],
                [-0.975658, -0.187234, -0.114191, 0.096351, 0.060905, -0.731532, 0.679083, 0.058238, -0.210682, 0.655596, 0.725128, 0.033027, 0.0, 0.0, 0.0, 1.0],
