{
    "animation": [
        {
            "name": "Root",
            "time": [0.0, 0.0417, 0.0833, 0.125, 0.1667, 0.2083, 0.25, 0.2917, 0.3333, 0.375, 0.4167, 0.4583, 0.5, 0.5417, 0.5833, 0.625, 0.6667, 0.7083, 0.75, 0.7917, 0.8333, 0.875, 0.9167, 0.9583, 1.0, 1.0417, 1.0833, 1.125, 1.1667, 1.2083, 1.25, 1.2917, 1.3333, 1.375, 1.4167, 1.4583, 1.5, 1.5417, 1.5833, 1.625, 1.6667, 1.7083, 1.75, 1.7917, 1.8333, 1.875, 1.9167, 1.9583, 2.0, 2.0417, 2.0833, 2.125, 2.1667, 2.2083, 2.25, 2.2917, 2.3333, 2.375, 2.4167, 2.4583, 2.5, 2.5417, 2.5833, 2.625, 2.6667, 2.7083, 2.75, 2.7917, 2.8333, 2.875, 2.9167, 2.9583, 3.0, 3.0417, 3.0833, 3.125, 3.1667, 3.2083, 3.25, 3.2917, 3.3333, 3.375, 3.4167, 3.4583, 3.5, 3.5417, 3.5833, 3.625, 3.6667, 3.7083, 3.75, 3.7917, 3.8333, 3.875, 3.9167, 3.9583, 4.0, 4.0417, 4.0833, 4.125, 4.1667, 4.2083, 4.25, 4.2917, 4.3333, 4.375, 4.4167, 4.4583, 4.5, 4.5417, 4.5833, 4.625, 4.6667, 4.7083, 4.75, 4.7917, 4.8333, 4.875, 4.9167, 4.9583, 5.0, 5.0417, 5.0833, 5.125, 5.1667, 5.2083, 5.25, 5.2917, 5.3333, 5.375, 5.4167, 5.4583, 5.5, 5.5417, 5.5833, 5.625, 5.6667, 5.7083, 5.75, 5.7917, 5.8333, 5.875, 5.9167, 5.9583, 6.0, 6.0417, 6.0833, 6.125, 6.1667, 6.2083, 6.25, 6.2917, 6.3333, 6.375, 6.4167, 6.4583, 6.5, 6.5417, 6.5833, 6.625, 6.6667],
            "transform": [
                [-1.0, 0.0, -0.0, 8.1e-05, -0.0, -0.0, 1.0, 0.001916, 0.0, 1.0, 0.0, 0.420446, 0.0, 0.0, 0.0, 1.0],
                [-1.0, 0.0, -0.0, -0.052655, -0.0, -0.0, 1.0, 0.099165, 0.0, 1.0, 0.0, 0.420446, 0.0, 0.0, 0.0, 1.0],
                [-1.0, 0.0, -0.0, -0.112837, -0.0, -0.0, 1.0, 0.206255, 0.0, 1.0, 0.0, 0.420446, 0.0, 0.0, 0.0, 1.0],
                [-1.0, 0.0, -0.0, -0.176612, -0.0, -0.0, 1.0, 0.32107, 0.0, 1.0, 0.0, 0.420446, 0.0, 0.0, 0.0, 1.0],
                [-1.0, 0.0, -0.0, -0.240224, -0.0, -0.0, 1.0, 0.440824, 0.0, 1.0, 0.0, 0.420446, 0.0, 0.0, 0.0, 1.0],
                [-1.0, 0.0, -0.0, -0.29985, -0.0, -0.0, 1.0, 0.564787, 0.0, 1.0, 0.0, 0.420446, 0.0, 0.0, 0.0, 1.0],
                [-1.0, 0.0, -0.0, -0.351711, -0.0, -0.0, 1.0, 0.690625, 0.0, 1.0, 0.0, 0.420446, 0.0, 0.0, 0.0, 1.0],
                [-1.0, 0.0, -0.0, -0.392018, -0.0, -0.0, 1.0, 0.816462, 0.0, 1.0, 0.0, 0.420446, 0.0, 0.0, 0.0, 1.0],
                [-1.0, 0.0, -0.0, -0.417008, -0.0, -0.0, 1.0, 0.940191, 0.0, 1.0, 0.0, 0.420446, 0.0, 0.0, 0.0, 1.0],
                [-1.0, 0.0, -0.0, -0.396231, -0.0, -0.0, 1.0, 1.073059, 0.0, 1.0, 0.0, 0.420446, 0.0, 0.0, 0.0, 1.0],
                [-1.0, 0.0, -0.0, -0.326854, -0.0, -0.0, 1.0, 1.216003, 0.0, 1.0, 0.0, 0.420446, 0.0, 0.0, 0.0, 1.0],
                [-1.0, 0.0, -0.0, -0.246425, -0.0, -0.0, 1.0, 1.353323, 0.0, 1.0, 0.0, 0.420446, 0.0, 0.0, 0.0, 1.0],
                [-1.0, 0.0, -0.0, -0.192418, -0.0, -0.0, 1.0, 1.469084, 0.0, 1.0, 0.0, 0.420446, 0.0, 0.0, 0.0, 1.0],
                [-1.0, 0.0, -0.0, -0.171854, -0.0, -0.0, 1.0, 1.556256, 0.0, 1.0, 0.0, 0.420446, 0.0, 0.0, 0.0, 1.0],
                [-1.0, 0.0, -0.0, -0.163108, -0.0, -0.0, 1.0, 1.625619, 0.0, 1.0, 0.0, 0.420446, 0.0, 0.0, 0.0, 1.0],
                [-1.0, 0.0, -0.0, -0.160904, -0.0, -0.0, 1.0, 1.686452, 0.0, 1.0, 0.0, 0.420446, 0.0, 0.0, 0.0, 1.0],
                [-1.0, 0.0, -0.0, -0.159266, -0.0, -0.0, 1.0, 1.748176, 0.0, 1.0, 0.0, 0.420446, 0.0, 0.0, 0.0, 1.0],
                [-1.0, 0.0, -0.0, -0.153277, -0.0, -0.0, 1.0, 1.820586, 0.0, 1.0, 0.0, 0.420447, 0.0, 0.0, 0.0, 1.0],
                [-1.0, 0.0, -0.0, -0.137271, -0.0, -0.0, 1.0, 1.912679, 0.0, 1.0, 0.0, 0.420447, 0.0, 0.0, 0.0, 1.0],
                [-1.0, 0.0, -0.0, -0.105868, -0.0, -0.0, 1.0, 2.034299, 0.0, 1.0, 0.0, 0.420447, 0.0, 0.0, 0.0, 1.0],
                [-1.0, 0.0, -0.0, -0.050588, -0.0, -0.0, 1.0, 2.176306, 0.0, 1.0, 0.0, 0.420447, 0.0, 0.0, 0.0, 1.0],
                [-1.0, 0.0, -0.0, 0.027005, -0.0, -0.0, 1.0, 2.336825, 0.0, 1.0, 0.0, 0.420447, 0.0, 0.0, 0.0, 1.0],
                [-1.0, 0.0, -0.0, 0.117477, -0.0, -0.0, 1.0, 2.537415, 0.0, 1.0, 0.0, 0.420447, 0.0, 0.0, 0.0, 1.0],
                [-1.0, 0.0, -0.0, 0.211314, -0.0, -0.0, 1.0, 2.799167, 0.0, 1.0, 0.0, 0.420447, 0.0, 0.0, 0.0, 1.0],
                [-1.0, 0.0, -0.0, 0.299057, -0.0, -0.0, 1.0, 3.142701, 0.0, 1.0, 0.0, 0.420447, 0.0, 0.0, 0.0, 1.0],
                [-1.0, 0.0, -0.0, 0.381843, -0.0, -0.0, 1.0, 3.654956, 0.0, 1.0, 0.0, 0.420447, 0.0, 0.0, 0.0, 1.0],
                [-1.0, 0.0, -0.0, 0.465611, -0.0, -0.0, 1.0, 4.318122, 0.0, 1.0, 0.0, 0.420447, 0.0, 0.0, 0.0, 1.0],
                [-1.0, 0.0, -0.0, 0.548318, -0.0, -0.0, 1.0, 4.997927, 0.0, 1.0, 0.0, 0.420447, 0.0, 0.0, 0.0, 1.0],
                [-1.0, 0.0, -0.0, 0.627925, -0.0, -0.0, 1.0, 5.560329, 0.0, 1.0, 0.0, 0.420448, 0.0, 0.0, 0.0, 1.0],
                [-1.0, 0.0, -0.0, 0.703716, -0.0, -0.0, 1.0, 5.96315, 0.0, 1.0, 0.0, 0.420448, 0.0, 0.0, 0.0, 1.0],
                [-1.0, 0.0, -0.0, 0.776857, -0.0, -0.0, 1.0, 6.27997, 0.0, 1.0, 0.0, 0.420448, 0.0, 0.0, 0.0, 1.0],
                [-1.0, 0.0, -0.0, 0.84856, -0.0, -0.0, 1.0, 6.562102, 0.0, 1.0, 0.0, 0.420448, 0.0, 0.0, 0.0, 1.0],
                [-1.0, 0.0, -0.0, 0.919687, -0.0, -0.0, 1.0, 6.824909, 0.0, 1.0, 0.0, 0.420448, 0.0, 0.0, 0.0, 1.0],
                [-1.0, 0.0, -0.0, 0.992383, -0.0, -0.0, 1.0, 7.083035, 0.0, 1.0, 0.0, 0.420448, 0.0, 0.0, 0.0, 1.0],
                [-1.0, 0.0, -0.0, 1.068121, -0.0, -0.0, 1.0, 7.337054, 0.0, 1.0, 0.0, 0.420448, 0.0, 0.0, 0.0, 1.0],
                [-1.0, 0.0, -0.0, 1.136386, -0.0, -0.0, 1.0, 7.560843, 0.0, 1.0, 0.0, 0.420448, 0.0, 0.0, 0.0, 1.0],
                [-1.0, 0.0, -0.0, 1.187929, -0.0, -0.0, 1.0, 7.738702, 0.0, 1.0, 0.0, 0.420448, 0.0, 0.0, 0.0, 1.0],
                [-1.0, 0.0, -0.0, 1.225718, -0.0, -0.0, 1.0, 7.881412, 0.0, 1.0, 0.0, 0.420448, 0.0, 0.0, 0.0, 1.0],
                [-1.0, 0.0, -0.0, 1.25834, -0.0, -0.0, 1.0, 8.008421, 0.0, 1.0, 0.0, 0.420448, 0.0, 0.0, 0.0, 1.0],
                [-1.0, 0.0, -0.0, 1.284894, -0.0, -0.0, 1.0, 8.117387, 0.0, 1.0, 0.0, 0.420449, 0.0, 0.0, 0.0, 1.0],
                [-1.0, 0.0, -0.0, 1.304504, -0.0, -0.0, 1.0, 8.205731, 0.0, 1.0, 0.0, 0.420449, 0.0, 0.0, 0.0, 1.0],
                [-1.0, 0.0, -0.0, 1.31627, -0.0, -0.0, 1.0, 8.271579, 0.0, 1.0, 0.0, 0.420449, 0.0, 0.0, 0.0, 1.0],
                [-1.0, 0.0, -0.0, 1.319291, -0.0, -0.0, 1.0, 8.312119, 0.0, 1.0, 0.0, 0.420449, 0.0, 0.0, 0.0, 1.0],
                [-1.0, 0.0, -0.0, 1.316561, -0.0, -0.0, 1.0, 8.333444, 0.0, 1.0, 0.0, 0.420449, 0.0, 0.0, 0.0, 1.0],
                [-1.0, 0.0, -0.0, 1.311712, -0.0, -0.0, 1.0, 8.329312, 0.0, 1.0, 0.0, 0.420449, 0.0, 0.0, 0.0, 1.0],
                [-1.0, 0.0, -0.0, 1.305007, -0.0, -0.0, 1.0, 8.325181, 0.0, 1.0, 0.0, 0.420449, 0.0, 0.0, 0.0, 1.0],
                [-1.0, 0.0, -0.0, 1.296794, -0.0, -0.0, 1.0, 8.321049, 0.0, 1.0, 0.0, 0.420449, 0.0, 0.0, 0.0, 1.0],
                [-1.0, 0.0, -0.0, 1.286987, -0.0, -0.0, 1.0, 8.316917, 0.0, 1.0, 0.0, 0.420449, 0.0, 0.0, 0.0, 1.0],
                [-1.0, 0.0, -0.0, 1.276028, -0.0, -0.0, 1.0, 8.312786, 0.0, 1.0, 0.0, 0.420449, 0.0, 0.0, 0.0, 1.0],
                [-1.0, 0.0, -0.0, 1.264238, -0.0, -0.0, 1.0, 8.295135, 0.0, 1.0, 0.0, 0.420449, 0.0, 0.0, 0.0, 1.0],
                [-1.0, 0.0, -0.0, 1.251733, -0.0, -0.0, 1.0, 8.276022, 0.0, 1.0, 0.0, 0.420449, 0.0, 0.0, 0.0, 1.0],
                [-1.0, 0.0, -0.0, 1.238931, -0.0, -0.0, 1.0, 8.25807, 0.0, 1.0, 0.0, 0.420449, 0.0, 0.0, 0.0, 1.0],
                [-1.0, 0.0, -0.0, 1.226248, -0.0, -0.0, 1.0, 8.245492, 0.0, 1.0, 0.0, 0.420449, 0.0, 0.0, 0.0, 1.0],
                [-1.0, 0.0, -0.0, 1.213316, -0.0, -0.0, 1.0, 8.232914, 0.0, 1.0, 0.0, 0.420449, 0.0, 0.0, 0.0, 1.0],
                [-1.0, 0.0, -0.0, 1.200702, -0.0, -0.0, 1.0, 8.237913, 0.0, 1.0, 0.0, 0.420449, 0.0, 0.0, 0.0, 1.0],
                [-1.0, 0.0, -0.0, 1.188618, -0.0, -0.0, 1.0, 8.242912, 0.0, 1.0, 0.0, 0.420449, 0.0, 0.0, 0.0, 1.0],
                [-1.0, 0.0, -0.0, 1.177329, -0.0, -0.0, 1.0, 8.247911, 0.0, 1.0, 0.0, 0.420449, 0.0, 0.0, 0.0, 1.0],
                [-1.0, 0.0, -0.0, 1.16702, -0.0, -0.0, 1.0, 8.273455, 0.0, 1.0, 0.0, 0.420449, 0.0, 0.0, 0.0, 1.0],
                [-1.0, 0.0, -0.0, 1.15801, -0.0, -0.0, 1.0, 8.312353, 0.0, 1.0, 0.0, 0.420449, 0.0, 0.0, 0.0, 1.0],
                [-1.0, 0.0, -0.0, 1.150484, -0.0, -0.0, 1.0, 8.366015, 0.0, 1.0, 0.0, 0.420449, 0.0, 0.0, 0.0, 1.0],
                [-1.0, 0.0, -0.0, 1.145264, -0.0, -0.0, 1.0, 8.441004, 0.0, 1.0, 0.0, 0.420449, 0.0, 0.0, 0.0, 1.0],
                [-1.0, 0.0, -0.0, 1.14264, -0.0, -0.0, 1.0, 8.540126, 0.0, 1.0, 0.0, 0.420449, 0.0, 0.0, 0.0, 1.0],
                [-1.0, 0.0, -0.0, 1.143316, -0.0, -0.0, 1.0, 8.660809, 0.0, 1.0, 0.0, 0.420449, 0.0, 0.0, 0.0, 1.0],
                [-1.0, 0.0, -0.0, 1.143991, -0.0, -0.0, 1.0, 8.800004, 0.0, 1.0, 0.0, 0.420449, 0.0, 0.0, 0.0, 1.0],
                [-1.0, 0.0, -0.0, 1.144667, -0.0, -0.0, 1.0, 8.95443, 0.0, 1.0, 0.0, 0.420449, 0.0, 0.0, 0.0, 1.0],
                [-1.0, 0.0, -0.0, 1.145343, -0.0, -0.0, 1.0, 9.121511, 0.0, 1.0, 0.0, 0.420449, 0.0, 0.0, 0.0, 1.0],
                [-1.0, 0.0, -0.0, 1.144729, -0.0, -0.0, 1.0, 9.297964, 0.0, 1.0, 0.0, 0.420449, 0.0, 0.0, 0.0, 1.0],
                [-1.0, 0.0, -0.0, 1.144115, -0.0, -0.0, 1.0, 9.481336, 0.0, 1.0, 0.0, 0.420449, 0.0, 0.0, 0.0, 1.0],
                [-1.0, 0.0, -0.0, 1.143502, -0.0, -0.0, 1.0, 9.668382, 0.0, 1.0, 0.0, 0.420449, 0.0, 0.0, 0.0, 1.0],
                [-1.0, 0.0, -0.0, 1.139221, -0.0, -0.0, 1.0, 9.854977, 0.0, 1.0, 0.0, 0.420449, 0.0, 0.0, 0.0, 1.0],
                [-1.0, 0.0, -0.0, 1.131589, -0.0, -0.0, 1.0, 10.039866, 0.0, 1.0, 0.0, 0.420449, 0.0, 0.0, 0.0, 1.0],
                [-1.0, 0.0, -0.0, 1.113595, -0.0, -0.0, 1.0, 10.250769, 0.0, 1.0, 0.0, 0.420449, 0.0, 0.0, 0.0, 1.0],
                [-1.0, 0.0, -0.0, 1.083359, -0.0, -0.0, 1.0, 10.502913, 0.0, 1.0, 0.0, 0.420449, 0.0, 0.0, 0.0, 1.0],
                [-1.0, 0.0, -0.0, 1.048635, -0.0, -0.0, 1.0, 10.773443, 0.0, 1.0, 0.0, 0.420449, 0.0, 0.0, 0.0, 1.0],
                [-1.0, 0.0, -0.0, 1.016472, -0.0, -0.0, 1.0, 11.040476, 0.0, 1.0, 0.0, 0.420449, 0.0, 0.0, 0.0, 1.0],
                [-1.0, 0.0, -0.0, 0.99498, -0.0, -0.0, 1.0, 11.280667, 0.0, 1.0, 0.0, 0.420449, 0.0, 0.0, 0.0, 1.0],
                [-1.0, 0.0, -0.0, 0.991535, -0.0, -0.0, 1.0, 11.47165, 0.0, 1.0, 0.0, 0.42045, 0.0, 0.0, 0.0, 1.0],
                [-1.0, 0.0, -0.0, 1.018857, -0.0, -0.0, 1.0, 11.598425, 0.0, 1.0, 0.0, 0.42045, 0.0, 0.0, 0.0, 1.0],
                [-1.0, 0.0, -0.0, 1.072944, -0.0, -0.0, 1.0, 11.673882, 0.0, 1.0, 0.0, 0.42045, 0.0, 0.0, 0.0, 1.0],
                [-1.0, 0.0, -0.0, 1.136359, -0.0, -0.0, 1.0, 11.717702, 0.0, 1.0, 0.0, 0.42045, 0.0, 0.0, 0.0, 1.0],
                [-1.0, 0.0, -0.0, 1.191559, -0.0, -0.0, 1.0, 11.749103, 0.0, 1.0, 0.0, 0.42045, 0.0, 0.0, 0.0, 1.0],
                [-1.0, 0.0, -0.0, 1.221107, -0.0, -0.0, 1.0, 11.788237, 0.0, 1.0, 0.0, 0.42045, 0.0, 0.0, 0.0, 1.0],
                [-1.0, 0.0, -0.0, 1.219464, -0.0, -0.0, 1.0, 11.826901, 0.0, 1.0, 0.0, 0.42045, 0.0, 0.0, 0.0, 1.0],
                [-1.0, 0.0, -0.0, 1.198264, -0.0, -0.0, 1.0, 11.851975, 0.0, 1.0, 0.0, 0.42045, 0.0, 0.0, 0.0, 1.0],
                [-1.0, 0.0, -0.0, 1.165827, -0.0, -0.0, 1.0, 11.875644, 0.0, 1.0, 0.0, 0.42045, 0.0, 0.0, 0.0, 1.0],
                [-1.0, 0.0, -0.0, 1.130423, -0.0, -0.0, 1.0, 11.909622, 0.0, 1.0, 0.0, 0.42045, 0.0, 0.0, 0.0, 1.0],
                [-1.0, 0.0, -0.0, 1.100372, -0.0, -0.0, 1.0, 11.965862, 0.0, 1.0, 0.0, 0.42045, 0.0, 0.0, 0.0, 1.0],
                [-1.0, 0.0, -0.0, 1.075647, -0.0, -0.0, 1.0, 12.042725, 0.0, 1.0, 0.0, 0.42045, 0.0, 0.0, 0.0, 1.0],
                [-1.0, 0.0, -0.0, 1.050843, -0.0, -0.0, 1.0, 12.128724, 0.0, 1.0, 0.0, 0.42045, 0.0, 0.0, 0.0, 1.0],
                [-1.0, 0.0, -0.0, 1.025942, -0.0, -0.0, 1.0, 12.222088, 0.0, 1.0, 0.0, 0.42045, 0.0, 0.0, 0.0, 1.0],
                [-1.0, 0.0, -0.0, 1.000969, -0.0, -0.0, 1.0, 12.319707, 0.0, 1.0, 0.0, 0.42045, 0.0, 0.0, 0.0, 1.0],
                [-1.0, 0.0, -0.0, 0.976138, -0.0, -0.0, 1.0, 12.419494, 0.0, 1.0, 0.0, 0.42045, 0.0, 0.0, 0.0, 1.0],
                [-1.0, 0.0, -0.0, 0.951286, -0.0, -0.0, 1.0, 12.521358, 0.0, 1.0, 0.0, 0.42045, 0.0, 0.0, 0.0, 1.0],
                [-1.0, 0.0, -0.0, 0.925814, -0.0, -0.0, 1.0, 12.621295, 0.0, 1.0, 0.0, 0.42045, 0.0, 0.0, 0.0, 1.0],
                [-1.0, 0.0, -0.0, 0.899576, -0.0, -0.0, 1.0, 12.71938, 0.0, 1.0, 0.0, 0.42045, 0.0, 0.0, 0.0, 1.0],
                [-1.0, 0.0, -0.0, 0.872649, -0.0, -0.0, 1.0, 12.817039, 0.0, 1.0, 0.0, 0.42045, 0.0, 0.0, 0.0, 1.0],
                [-1.0, 0.0, -0.0, 0.845335, -0.0, -0.0, 1.0, 12.913937, 0.0, 1.0, 0.0, 0.42045, 0.0, 0.0, 0.0, 1.0],
                [-1.0, 0.0, -0.0, 0.818102, -0.0, -0.0, 1.0, 13.009694, 0.0, 1.0, 0.0, 0.42045, 0.0, 0.0, 0.0, 1.0],
                [-1.0, 0.0, -0.0, 0.791519, -0.0, -0.0, 1.0, 13.103977, 0.0, 1.0, 0.0, 0.42045, 0.0, 0.0, 0.0, 1.0],
                [-1.0, 0.0, -0.0, 0.766123, -0.0, -0.0, 1.0, 13.196588, 0.0, 1.0, 0.0, 0.42045, 0.0, 0.0, 0.0, 1.0],
                [-1.0, 0.0, -0.0, 0.743413, -0.0, -0.0, 1.0, 13.284227, 0.0, 1.0, 0.0, 0.42045, 0.0, 0.0, 0.0, 1.0],
                [-1.0, 0.0, -0.0, 0.724726, -0.0, -0.0, 1.0, 13.364455, 0.0, 1.0, 0.0, 0.42045, 0.0, 0.0, 0.0, 1.0],
                [-1.0, 0.0, -0.0, 0.710128, -0.0, -0.0, 1.0, 13.441232, 0.0, 1.0, 0.0, 0.42045, 0.0, 0.0, 0.0, 1.0],
                [-1.0, 0.0, -0.0, 0.699022, -0.0, -0.0, 1.0, 13.518345, 0.0, 1.0, 0.0, 0.42045, 0.0, 0.0, 0.0, 1.0],
                [-1.0, 0.0, -0.0, 0.691018, -0.0, -0.0, 1.0, 13.594479, 0.0, 1.0, 0.0, 0.42045, 0.0, 0.0, 0.0, 1.0],
                [-1.0, 0.0, -0.0, 0.683893, -0.0, -0.0, 1.0, 13.668771, 0.0, 1.0, 0.0, 0.42045, 0.0, 0.0, 0.0, 1.0],
                [-1.0, 0.0, -0.0, 0.677636, -0.0, -0.0, 1.0, 13.741647, 0.0, 1.0, 0.0, 0.42045, 0.0, 0.0, 0.0, 1.0],
                [-1.0, 0.0, -0.0, 0.671438, -0.0, -0.0, 1.0, 13.811011, 0.0, 1.0, 0.0, 0.42045, 0.0, 0.0, 0.0, 1.0],
                [-1.0, 0.0, -0.0, 0.664112, -0.0, -0.0, 1.0, 13.877458, 0.0, 1.0, 0.0, 0.42045, 0.0, 0.0, 0.0, 1.0],
                [-1.0, 0.0, -0.0, 0.654345, -0.0, -0.0, 1.0, 13.938725, 0.0, 1.0, 0.0, 0.42045, 0.0, 0.0, 0.0, 1.0],
                [-1.0, 0.0, -0.0, 0.641667, -0.0, -0.0, 1.0, 13.995084, 0.0, 1.0, 0.0, 0.42045, 0.0, 0.0, 0.0, 1.0],
                [-1.0, 0.0, -0.0, 0.625221, -0.0, -0.0, 1.0, 14.04558, 0.0, 1.0, 0.0, 0.42045, 0.0, 0.0, 0.0, 1.0],
                [-1.0, 0.0, -0.0, 0.603809, -0.0, -0.0, 1.0, 14.089402, 0.0, 1.0, 0.0, 0.42045, 0.0, 0.0, 0.0, 1.0],
                [-1.0, 0.0, -0.0, 0.578541, -0.0, -0.0, 1.0, 14.126279, 0.0, 1.0, 0.0, 0.42045, 0.0, 0.0, 0.0, 1.0],
                [-1.0, 0.0, -0.0, 0.55049, -0.0, -0.0, 1.0, 14.157358, 0.0, 1.0, 0.0, 0.42045, 0.0, 0.0, 0.0, 1.0],
                [-1.0, 0.0, -0.0, 0.520724, -0.0, -0.0, 1.0, 14.181378, 0.0, 1.0, 0.0, 0.42045, 0.0, 0.0, 0.0, 1.0],
                [-1.0, 0.0, -0.0, 0.488665, -0.0, -0.0, 1.0, 14.205398, 0.0, 1.0, 0.0, 0.42045, 0.0, 0.0, 0.0, 1.0],
                [-1.0, 0.0, -0.0, 0.455336, -0.0, -0.0, 1.0, 14.222428, 0.0, 1.0, 0.0, 0.42045, 0.0, 0.0, 0.0, 1.0],
                [-1.0, 0.0, -0.0, 0.420614, -0.0, -0.0, 1.0, 14.239457, 0.0, 1.0, 0.0, 0.42045, 0.0, 0.0, 0.0, 1.0],
                [-1.0, 0.0, -0.0, 0.385208, -0.0, -0.0, 1.0, 14.254169, 0.0, 1.0, 0.0, 0.42045, 0.0, 0.0, 0.0, 1.0],
                [-1.0, 0.0, -0.0, 0.349354, -0.0, -0.0, 1.0, 14.268884, 0.0, 1.0, 0.0, 0.42045, 0.0, 0.0, 0.0, 1.0],
                [-1.0, 0.0, -0.0, 0.312744, -0.0, -0.0, 1.0, 14.283418, 0.0, 1.0, 0.0, 0.42045, 0.0, 0.0, 0.0, 1.0],
                [-1.0, 0.0, -0.0, 0.276006, -0.0, -0.0, 1.0, 14.297953, 0.0, 1.0, 0.0, 0.42045, 0.0, 0.0, 0.0, 1.0],
                [-1.0, 0.0, -0.0, 0.239827, -0.0, -0.0, 1.0, 14.315531, 0.0, 1.0, 0.0, 0.42045, 0.0, 0.0, 0.0, 1.0],
                [-1.0, 0.0, -0.0, 0.20407, -0.0, -0.0, 1.0, 14.333109, 0.0, 1.0, 0.0, 0.42045, 0.0, 0.0, 0.0, 1.0],
                [-1.0, 0.0, -0.0, 0.16931, -0.0, -0.0, 1.0, 14.356812, 0.0, 1.0, 0.0, 0.42045, 0.0, 0.0, 0.0, 1.0],
                [-1.0, 0.0, -0.0, 0.135666, -0.0, -0.0, 1.0, 14.380517, 0.0, 1.0, 0.0, 0.42045, 0.0, 0.0, 0.0, 1.0],
                [-1.0, 0.0, -0.0, 0.10343, -0.0, -0.0, 1.0, 14.412314, 0.0, 1.0, 0.0, 0.42045, 0.0, 0.0, 0.0, 1.0],
                [-1.0, 0.0, -0.0, 0.072982, -0.0, -0.0, 1.0, 14.450042, 0.0, 1.0, 0.0, 0.42045, 0.0, 0.0, 0.0, 1.0],
                [-1.0, 0.0, -0.0, 0.043142, -0.0, -0.0, 1.0, 14.497377, 0.0, 1.0, 0.0, 0.42045, 0.0, 0.0, 0.0, 1.0],
                [-1.0, 0.0, -0.0, 0.012826, -0.0, -0.0, 1.0, 14.555727, 0.0, 1.0, 0.0, 0.420451, 0.0, 0.0, 0.0, 1.0],
                [-1.0, 0.0, -0.0, -0.017649, -0.0, -0.0, 1.0, 14.622746, 0.0, 1.0, 0.0, 0.420451, 0.0, 0.0, 0.0, 1.0],
                [-1.0, 0.0, -0.0, -0.04806, -0.0, -0.0, 1.0, 14.696828, 0.0, 1.0, 0.0, 0.420451, 0.0, 0.0, 0.0, 1.0],
                [-1.0, 0.0, -0.0, -0.07754, -0.0, -0.0, 1.0, 14.774361, 0.0, 1.0, 0.0, 0.420451, 0.0, 0.0, 0.0, 1.0],
                [-1.0, 0.0, -0.0, -0.105959, -0.0, -0.0, 1.0, 14.853177, 0.0, 1.0, 0.0, 0.420451, 0.0, 0.0, 0.0, 1.0],
                [-1.0, 0.0, -0.0, -0.133378, -0.0, -0.0, 1.0, 14.933286, 0.0, 1.0, 0.0, 0.420451, 0.0, 0.0, 0.0, 1.0],
                [-1.0, 0.0, -0.0, -0.159426, -0.0, -0.0, 1.0, 15.010803, 0.0, 1.0, 0.0, 0.420451, 0.0, 0.0, 0.0, 1.0],
                [-1.0, 0.0, -0.0, -0.18317, -0.0, -0.0, 1.0, 15.083213, 0.0, 1.0, 0.0, 0.420451, 0.0, 0.0, 0.0, 1.0],
                [-1.0, 0.0, -0.0, -0.20453, -0.0, -0.0, 1.0, 15.148827, 0.0, 1.0, 0.0, 0.420451, 0.0, 0.0, 0.0, 1.0],
                [-1.0, 0.0, -0.0, -0.223186, -0.0, -0.0, 1.0, 15.205068, 0.0, 1.0, 0.0, 0.420451, 0.0, 0.0, 0.0, 1.0],
                [-1.0, 0.0, -0.0, -0.238741, -0.0, -0.0, 1.0, 15.249825, 0.0, 1.0, 0.0, 0.420451, 0.0, 0.0, 0.0, 1.0],
                [-1.0, 0.0, -0.0, -0.250852, -0.0, -0.0, 1.0, 15.280993, 0.0, 1.0, 0.0, 0.420451, 0.0, 0.0, 0.0, 1.0],
                [-1.0, 0.0, -0.0, -0.260604, -0.0, -0.0, 1.0, 15.300323, 0.0, 1.0, 0.0, 0.420451, 0.0, 0.0, 0.0, 1.0],
                [-1.0, 0.0, -0.0, -0.268687, -0.0, -0.0, 1.0, 15.319656, 0.0, 1.0, 0.0, 0.420451, 0.0, 0.0, 0.0, 1.0],
                [-1.0, 0.0, -0.0, -0.275849, -0.0, -0.0, 1.0, 15.328354, 0.0, 1.0, 0.0, 0.420451, 0.0, 0.0, 0.0, 1.0],
                [-1.0, 0.0, -0.0, -0.281513, -0.0, -0.0, 1.0, 15.337053, 0.0, 1.0, 0.0, 0.420451, 0.0, 0.0, 0.0, 1.0],
                [-1.0, 0.0, -0.0, -0.28629, -0.0, -0.0, 1.0, 15.345753, 0.0, 1.0, 0.0, 0.420451, 0.0, 0.0, 0.0, 1.0],
                [-1.0, 0.0, -0.0, -0.290066, -0.0, -0.0, 1.0, 15.35445, 0.0, 1.0, 0.0, 0.420451, 0.0, 0.0, 0.0, 1.0],
                [-1.0, 0.0, -0.0, -0.292908, -0.0, -0.0, 1.0, 15.349674, 0.0, 1.0, 0.0, 0.420451, 0.0, 0.0, 0.0, 1.0],
                [-1.0, 0.0, -0.0, -0.295226, -0.0, -0.0, 1.0, 15.344898, 0.0, 1.0, 0.0, 0.420451, 0.0, 0.0, 0.0, 1.0],
                [-1.0, 0.0, -0.0, -0.296613, -0.0, -0.0, 1.0, 15.340122, 0.0, 1.0, 0.0, 0.420451, 0.0, 0.0, 0.0, 1.0],
                [-1.0, 0.0, -0.0, -0.296655, -0.0, -0.0, 1.0, 15.335346, 0.0, 1.0, 0.0, 0.420451, 0.0, 0.0, 0.0, 1.0],
                [-1.0, 0.0, -0.0, -0.296697, -0.0, -0.0, 1.0, 15.33057, 0.0, 1.0, 0.0, 0.420451, 0.0, 0.0, 0.0, 1.0],
                [-1.0, 0.0, -0.0, -0.295911, -0.0, -0.0, 1.0, 15.325794, 0.0, 1.0, 0.0, 0.420451, 0.0, 0.0, 0.0, 1.0],
                [-1.0, 0.0, -0.0, -0.294713, -0.0, -0.0, 1.0, 15.321018, 0.0, 1.0, 0.0, 0.420451, 0.0, 0.0, 0.0, 1.0],
                [-1.0, 0.0, -0.0, -0.293355, -0.0, -0.0, 1.0, 15.320737, 0.0, 1.0, 0.0, 0.420451, 0.0, 0.0, 0.0, 1.0],
                [-1.0, 0.0, -0.0, -0.292158, -0.0, -0.0, 1.0, 15.320457, 0.0, 1.0, 0.0, 0.420451, 0.0, 0.0, 0.0, 1.0],
                [-1.0, 0.0, -0.0, -0.291372, -0.0, -0.0, 1.0, 15.320175, 0.0, 1.0, 0.0, 0.420451, 0.0, 0.0, 0.0, 1.0],
                [-1.0, 0.0, -0.0, -0.291369, -0.0, -0.0, 1.0, 15.319895, 0.0, 1.0, 0.0, 0.420451, 0.0, 0.0, 0.0, 1.0],
                [-1.0, 0.0, -0.0, -0.291366, -0.0, -0.0, 1.0, 15.319614, 0.0, 1.0, 0.0, 0.420451, 0.0, 0.0, 0.0, 1.0],
                [-1.0, 0.0, -0.0, -0.291363, -0.0, -0.0, 1.0, 15.319333, 0.0, 1.0, 0.0, 0.420451, 0.0, 0.0, 0.0, 1.0]
            ]
        },
        {
            "name": "Thigh_R",
            "time": [0.0, 0.0417, 0.0833, 0.125, 0.1667, 0.2083, 0.25, 0.2917, 0.3333, 0.375, 0.4167, 0.4583, 0.5, 0.5417, 0.5833, 0.625, 0.6667, 0.7083, 0.75, 0.7917, 0.8333, 0.875, 0.9167, 0.9583, 1.0, 1.0417, 1.0833, 1.125, 1.1667, 1.2083, 1.25, 1.2917, 1.3333, 1.375, 1.4167, 1.4583, 1.5, 1.5417, 1.5833, 1.625, 1.6667, 1.7083, 1.75, 1.7917, 1.8333, 1.875, 1.9167, 1.9583, 2.0, 2.0417, 2.0833, 2.125, 2.1667, 2.2083, 2.25, 2.2917, 2.3333, 2.375, 2.4167, 2.4583, 2.5, 2.5417, 2.5833, 2.625, 2.6667, 2.7083, 2.75, 2.7917, 2.8333, 2.875, 2.9167, 2.9583, 3.0, 3.0417, 3.0833, 3.125, 3.1667, 3.2083, 3.25, 3.2917, 3.3333, 3.375, 3.4167, 3.4583, 3.5, 3.5417, 3.5833, 3.625, 3.6667, 3.7083, 3.75, 3.7917, 3.8333, 3.875, 3.9167, 3.9583, 4.0, 4.0417, 4.0833, 4.125, 4.1667, 4.2083, 4.25, 4.2917, 4.3333, 4.375, 4.4167, 4.4583, 4.5, 4.5417, 4.5833, 4.625, 4.6667, 4.7083, 4.75, 4.7917, 4.8333, 4.875, 4.9167, 4.9583, 5.0, 5.0417, 5.0833, 5.125, 5.1667, 5.2083, 5.25, 5.2917, 5.3333, 5.375, 5.4167, 5.4583, 5.5, 5.5417, 5.5833, 5.625, 5.6667, 5.7083, 5.75, 5.7917, 5.8333, 5.875, 5.9167, 5.9583, 6.0, 6.0417, 6.0833, 6.125, 6.1667, 6.2083, 6.25, 6.2917, 6.3333, 6.375, 6.4167, 6.4583, 6.5, 6.5417, 6.5833, 6.625, 6.6667],
            "transform": [
                [-0.933032, -0.224416, -0.281238, 0.096352, -0.189764, -0.357167, 0.914564, 0.058238, -0.305691, 0.906682, 0.290661, 0.033027, 0.0, 0.0, 0.0, 1.0],
                [-0.791358, -0.445007, -0.419197, 0.096352, -0.254874, -0.383109, 0.887846, 0.058238, -0.555696, 0.809443, 0.189754, 0.033027, 0.0, 0.0, 0.0, 1.0],
                [-0.618287, -0.630965, -0.468624, 0.096352, -0.272162, -0.387478, 0.880791, 0.058239, -0.73733, 0.67212, 0.067848, 0.033027, 0.0, 0.0, 0.0, 1.0],
                [-0.434146, -0.779333, -0.451842, 0.096351, -0.269211, -0.366414, 0.890658, 0.058238, -0.85968, 0.508314, -0.050728, 0.033027, 0.0, 0.0, 0.0, 1.0],
                [-0.241834, -0.888286, -0.39047, 0.096352, -0.265896, -0.326343, 0.907085, 0.058239, -0.933178, 0.323187, -0.157271, 0.033027, 0.0, 0.0, 0.0, 1.0],
                [-0.044313, -0.951442, -0.304623, 0.096352, -0.274604, -0.281577, 0.919408, 0.058239, -0.960539, 0.124392, -0.248792, 0.033027, 0.0, 0.0, 0.0, 1.0],
                [0.157393, -0.966056, -0.204856, 0.096352, -0.299189, -0.244339, 0.922382, 0.058238, -0.941127, -0.083886, -0.327491, 0.033027, 0.0, 0.0, 0.0, 1.0],
                [0.357264, -0.929092, -0.095678, 0.096352, -0.339072, -0.224466, 0.913592, 0.058238, -0.870287, -0.29395, -0.395222, 0.033027, 0.0, 0.0, 0.0, 1.0],
                [0.549433, -0.835021, 0.029458, 0.096352, -0.386858, -0.222981, 0.894777, 0.058238, -0.740588, -0.503014, -0.445547, 0.033027, 0.0, 0.0, 0.0, 1.0],
                [0.749537, -0.632966, 0.193783, 0.096351, -0.413846, -0.219586, 0.88347, 0.058238, -0.516654, -0.742387, -0.426537, 0.033027, 0.0, 0.0, 0.0, 1.0],
                [0.886642, -0.279871, 0.368163, 0.096351, -0.420991, -0.158952, 0.893032, 0.058239, -0.191413, -0.946788, -0.258756, 0.033027, 0.0, 0.0, 0.0, 1.0],
                [0.883468, 0.100831, 0.457518, 0.096352, -0.451756, -0.075378, 0.888954, 0.058239, 0.124121, -0.992045, -0.021043, 0.033027, 0.0, 0.0, 0.0, 1.0],
                [0.804362, 0.363454, 0.470009, 0.096352, -0.488929, -0.044545, 0.871188, 0.058239, 0.337573, -0.930548, 0.141873, 0.033027, 0.0, 0.0, 0.0, 1.0],
                [0.732432, 0.531706, 0.425249, 0.096351, -0.476217, -0.0463, 0.87811, 0.058239, 0.486586, -0.845664, 0.219295, 0.033027, 0.0, 0.0, 0.0, 1.0],
                [0.656768, 0.664035, 0.357375, 0.096352, -0.448985, -0.036421, 0.8928, 0.058238, 0.605866, -0.746815, 0.274221, 0.033027, 0.0, 0.0, 0.0, 1.0],
                [0.581141, 0.762566, 0.284205, 0.096352, -0.418637, -0.01935, 0.907951, 0.058239, 0.697871, -0.646622, 0.307993, 0.033027, 0.0, 0.0, 0.0, 1.0],
                [0.507554, 0.834494, 0.214503, 0.096352, -0.395367, 0.004369, 0.918515, 0.058239, 0.765558, -0.551001, 0.332148, 0.033027, 0.0, 0.0, 0.0, 1.0],
                [0.434266, 0.887404, 0.154696, 0.096351, -0.387428, 0.028964, 0.921447, 0.058238, 0.813215, -0.460085, 0.356382, 0.033028, 0.0, 0.0, 0.0, 1.0],
                [0.354496, 0.929293, 0.103677, 0.096352, -0.402161, 0.051427, 0.914126, 0.058239, 0.844159, -0.365748, 0.391956, 0.033027, 0.0, 0.0, 0.0, 1.0],
                [0.263274, 0.963075, 0.056345, 0.096352, -0.440495, 0.068045, 0.895176, 0.058239, 0.858288, -0.260495, 0.442143, 0.033027, 0.0, 0.0, 0.0, 1.0],
                [0.161051, 0.98688, 0.011522, 0.096352, -0.462331, 0.065124, 0.884316, 0.058238, 0.871963, -0.147746, 0.466752, 0.033026, 0.0, 0.0, 0.0, 1.0],
                [0.035324, 0.999129, -0.022249, 0.096352, -0.439597, 0.035528, 0.897495, 0.058239, 0.897503, -0.021923, 0.440469, 0.033027, 0.0, 0.0, 0.0, 1.0],
                [-0.155548, 0.987228, -0.034451, 0.096352, -0.38425, -0.02834, 0.922795, 0.058239, 0.910034, 0.156776, 0.38375, 0.033026, 0.0, 0.0, 0.0, 1.0],
                [-0.451614, 0.890913, -0.048174, 0.096352, -0.293159, -0.097176, 0.951114, 0.058239, 0.842679, 0.443657, 0.305064, 0.033027, 0.0, 0.0, 0.0, 1.0],
                [-0.776156, 0.622647, -0.099488, 0.096351, -0.16895, -0.053347, 0.984182, 0.058239, 0.60749, 0.780684, 0.146601, 0.033027, 0.0, 0.0, 0.0, 1.0],
                [-0.980667, 0.179419, -0.07814, 0.096352, -0.026507, 0.273833, 0.961414, 0.058239, 0.193894, 0.944895, -0.263783, 0.033028, 0.0, 0.0, 0.0, 1.0],
                [-0.986623, -0.154559, 0.051898, 0.096352, -0.028444, 0.476604, 0.87866, 0.058238, -0.160539, 0.865426, -0.474624, 0.033028, 0.0, 0.0, 0.0, 1.0],
                [-0.937718, -0.345306, 0.038145, 0.096352, -0.065108, 0.282529, 0.957049, 0.058238, -0.341252, 0.894955, -0.287414, 0.033026, 0.0, 0.0, 0.0, 1.0],
                [-0.918997, -0.391001, 0.050705, 0.096351, 0.098052, -0.102083, 0.989934, 0.058238, -0.381889, 0.914713, 0.132151, 0.033027, 0.0, 0.0, 0.0, 1.0],
                [-0.908628, -0.414975, 0.046877, 0.096351, 0.200593, -0.335231, 0.920536, 0.058238, -0.366285, 0.845824, 0.387841, 0.033027, 0.0, 0.0, 0.0, 1.0],
                [-0.913281, -0.401493, 0.06875, 0.096352, 0.232317, -0.374763, 0.897545, 0.058238, -0.334593, 0.835679, 0.435536, 0.033028, 0.0, 0.0, 0.0, 1.0],
                [-0.923285, -0.375798, 0.079538, 0.096351, 0.245618, -0.418375, 0.874436, 0.058239, -0.295335, 0.826886, 0.478581, 0.033026, 0.0, 0.0, 0.0, 1.0],
                [-0.92509, -0.31875, 0.206427, 0.096352, 0.281183, -0.209575, 0.936492, 0.058239, -0.255245, 0.92438, 0.283502, 0.033026, 0.0, 0.0, 0.0, 1.0],
                [-0.91411, -0.269117, 0.303289, 0.096352, 0.33749, -0.090396, 0.936981, 0.058238, -0.224741, 0.958857, 0.173455, 0.033027, 0.0, 0.0, 0.0, 1.0],
                [-0.897386, -0.21514, 0.385251, 0.096352, 0.388662, 0.027981, 0.920957, 0.058239, -0.208914, 0.976183, 0.058506, 0.033026, 0.0, 0.0, 0.0, 1.0],
                [-0.881606, -0.172722, 0.439255, 0.096352, 0.424697, 0.115768, 0.897906, 0.058239, -0.205941, 0.978145, -0.028708, 0.033024, 0.0, 0.0, 0.0, 1.0],
                [-0.872189, -0.156983, 0.463304, 0.096352, 0.440994, 0.157559, 0.883575, 0.058238, -0.211704, 0.974954, -0.068192, 0.033027, 0.0, 0.0, 0.0, 1.0],
                [-0.873905, -0.181237, 0.451055, 0.096352, 0.424896, 0.165954, 0.889903, 0.058238, -0.236138, 0.969337, -0.068021, 0.033027, 0.0, 0.0, 0.0, 1.0],
                [-0.876336, -0.237462, 0.41911, 0.096351, 0.388205, 0.16698, 0.906321, 0.058239, -0.2852, 0.956939, -0.054147, 0.033028, 0.0, 0.0, 0.0, 1.0],
                [-0.874271, -0.310826, 0.372886, 0.096351, 0.341002, 0.153482, 0.927451, 0.058239, -0.345507, 0.937994, -0.028192, 0.033027, 0.0, 0.0, 0.0, 1.0],
                [-0.86553, -0.386397, 0.318686, 0.096351, 0.293029, 0.125367, 0.947851, 0.058238, -0.4062, 0.913774, 0.004715, 0.033028, 0.0, 0.0, 0.0, 1.0],
                [-0.853357, -0.447164, 0.268014, 0.096352, 0.254038, 0.092259, 0.962786, 0.058239, -0.45525, 0.889682, 0.034866, 0.033027, 0.0, 0.0, 0.0, 1.0],
                [-0.844386, -0.480129, 0.237688, 0.096352, 0.234059, 0.068473, 0.96981, 0.058239, -0.481909, 0.874523, 0.05456, 0.033028, 0.0, 0.0, 0.0, 1.0],
                [-0.839161, -0.491065, 0.233815, 0.096352, 0.235798, 0.058916, 0.970017, 0.058239, -0.490117, 0.86913, 0.066351, 0.033025, 0.0, 0.0, 0.0, 1.0],
                [-0.836513, -0.495031, 0.234936, 0.096352, 0.242126, 0.050689, 0.968922, 0.058238, -0.491554, 0.867397, 0.077457, 0.033027, 0.0, 0.0, 0.0, 1.0],
                [-0.834869, -0.494222, 0.242374, 0.096352, 0.25436, 0.044115, 0.966106, 0.058238, -0.488163, 0.868218, 0.088879, 0.033028, 0.0, 0.0, 0.0, 1.0],
                [-0.834387, -0.490895, 0.25065, 0.096351, 0.268913, 0.034398, 0.962552, 0.058238, -0.481134, 0.870541, 0.103306, 0.033028, 0.0, 0.0, 0.0, 1.0],
                [-0.835105, -0.485878, 0.257927, 0.09635, 0.283491, 0.021689, 0.958732, 0.058239, -0.47142, 0.873759, 0.119629, 0.033029, 0.0, 0.0, 0.0, 1.0],
                [-0.836871, -0.478592, 0.265709, 0.096351, 0.2989, 0.007134, 0.95426, 0.058239, -0.458597, 0.87801, 0.13708, 0.033027, 0.0, 0.0, 0.0, 1.0],
                [-0.837987, -0.471069, 0.275458, 0.096351, 0.314482, -0.004354, 0.949256, 0.058239, -0.445966, 0.882087, 0.151791, 0.033027, 0.0, 0.0, 0.0, 1.0],
                [-0.837471, -0.464395, 0.288073, 0.096352, 0.331989, -0.013617, 0.943188, 0.058238, -0.434089, 0.885525, 0.165578, 0.033027, 0.0, 0.0, 0.0, 1.0],
                [-0.837256, -0.458121, 0.298555, 0.096351, 0.347165, -0.023503, 0.937513, 0.058238, -0.422477, 0.88858, 0.178721, 0.033027, 0.0, 0.0, 0.0, 1.0],
                [-0.83702, -0.453406, 0.306312, 0.096351, 0.359111, -0.032817, 0.93272, 0.058239, -0.412849, 0.890701, 0.190292, 0.033026, 0.0, 0.0, 0.0, 1.0],
                [-0.837126, -0.4504, 0.310427, 0.096351, 0.366014, -0.039458, 0.929775, 0.058239, -0.406522, 0.891956, 0.197883, 0.033028, 0.0, 0.0, 0.0, 1.0],
                [-0.837545, -0.449623, 0.310425, 0.09635, 0.368049, -0.044372, 0.928749, 0.058239, -0.403813, 0.892117, 0.202646, 0.033027, 0.0, 0.0, 0.0, 1.0],
                [-0.838029, -0.451467, 0.306415, 0.096352, 0.36423, -0.044735, 0.930237, 0.058238, -0.406264, 0.891167, 0.201927, 0.033027, 0.0, 0.0, 0.0, 1.0],
                [-0.83653, -0.45725, 0.301902, 0.096351, 0.358361, -0.039767, 0.932738, 0.058238, -0.414489, 0.88845, 0.197126, 0.033028, 0.0, 0.0, 0.0, 1.0],
                [-0.833577, -0.467194, 0.294764, 0.096352, 0.347772, -0.029245, 0.937125, 0.058238, -0.429199, 0.883672, 0.186854, 0.033026, 0.0, 0.0, 0.0, 1.0],
                [-0.829004, -0.483245, 0.281481, 0.096351, 0.32972, -0.015799, 0.943949, 0.058239, -0.451711, 0.875343, 0.172433, 0.033027, 0.0, 0.0, 0.0, 1.0],
                [-0.820162, -0.507303, 0.264544, 0.096351, 0.306553, 0.000758, 0.951855, 0.058239, -0.483079, 0.861769, 0.154894, 0.033027, 0.0, 0.0, 0.0, 1.0],
                [-0.803482, -0.543775, 0.242343, 0.096352, 0.27442, 0.022955, 0.961338, 0.058238, -0.528315, 0.838918, 0.130778, 0.033027, 0.0, 0.0, 0.0, 1.0],
                [-0.772257, -0.596822, 0.21778, 0.096351, 0.236531, 0.048052, 0.970437, 0.058239, -0.589643, 0.800935, 0.104058, 0.033027, 0.0, 0.0, 0.0, 1.0],
                [-0.72111, -0.664916, 0.194657, 0.096351, 0.198587, 0.070803, 0.977524, 0.058238, -0.663754, 0.743556, 0.080986, 0.033028, 0.0, 0.0, 0.0, 1.0],
                [-0.643597, -0.745014, 0.175332, 0.096352, 0.168372, 0.085651, 0.981997, 0.058238, -0.746619, 0.661529, 0.070314, 0.033028, 0.0, 0.0, 0.0, 1.0],
                [-0.536929, -0.828455, 0.15929, 0.096351, 0.152179, 0.090605, 0.984193, 0.058238, -0.829792, 0.55268, 0.077425, 0.033028, 0.0, 0.0, 0.0, 1.0],
                [-0.400318, -0.904733, 0.145626, 0.096352, 0.156052, 0.089289, 0.983707, 0.058239, -0.902995, 0.416519, 0.105441, 0.033027, 0.0, 0.0, 0.0, 1.0],
                [-0.241408, -0.961674, 0.130029, 0.096352, 0.179878, 0.087326, 0.979808, 0.058239, -0.953611, 0.259921, 0.151902, 0.033027, 0.0, 0.0, 0.0, 1.0],
                [-0.076738, -0.991444, 0.105608, 0.096352, 0.217261, 0.086747, 0.972254, 0.058239, -0.973096, 0.097553, 0.208745, 0.033026, 0.0, 0.0, 0.0, 1.0],
                [0.076899, -0.994672, 0.068688, 0.096352, 0.256096, 0.086286, 0.962795, 0.058238, -0.963591, -0.056447, 0.261366, 0.033027, 0.0, 0.0, 0.0, 1.0],
                [0.213255, -0.976717, 0.023442, 0.096351, 0.282535, 0.08462, 0.95552, 0.058239, -0.935255, -0.197145, 0.294002, 0.033026, 0.0, 0.0, 0.0, 1.0],
                [0.337921, -0.940942, -0.021023, 0.096352, 0.280031, 0.079192, 0.956722, 0.058238, -0.898554, -0.329182, 0.290252, 0.033026, 0.0, 0.0, 0.0, 1.0],
                [0.47978, -0.877233, -0.016583, 0.096351, 0.162101, 0.070049, 0.984287, 0.058239, -0.862287, -0.474928, 0.175808, 0.033027, 0.0, 0.0, 0.0, 1.0],
                [0.629734, -0.776786, 0.006455, 0.096351, 0.001512, 0.009534, 0.999955, 0.058238, -0.776813, -0.629693, 0.007178, 0.033029, 0.0, 0.0, 0.0, 1.0],
                [0.737475, -0.673676, 0.047902, 0.096352, -0.146066, -0.089847, 0.985188, 0.058238, -0.659393, -0.733546, -0.164661, 0.033027, 0.0, 0.0, 0.0, 1.0],
                [0.797446, -0.59399, 0.106118, 0.096352, -0.270271, -0.194383, 0.94296, 0.058239, -0.539481, -0.780637, -0.315548, 0.033024, 0.0, 0.0, 0.0, 1.0],
                [0.816752, -0.541528, 0.199172, 0.096352, -0.396824, -0.276595, 0.875232, 0.058239, -0.418873, -0.79388, -0.4408, 0.033027, 0.0, 0.0, 0.0, 1.0],
                [0.782537, -0.529748, 0.327121, 0.096351, -0.549731, -0.341225, 0.762473, 0.058239, -0.292297, -0.776489, -0.558239, 0.033025, 0.0, 0.0, 0.0, 1.0],
                [0.720171, -0.314788, 0.618278, 0.096352, -0.688975, -0.219559, 0.690732, 0.058239, -0.081685, -0.92342, -0.375001, 0.033028, 0.0, 0.0, 0.0, 1.0],
                [0.627619, 0.051431, 0.776823, 0.096352, -0.744143, -0.253625, 0.618006, 0.058238, 0.228807, -0.965936, -0.120907, 0.033027, 0.0, 0.0, 0.0, 1.0],
                [0.512452, 0.508177, 0.692209, 0.096351, -0.608627, -0.353718, 0.710254, 0.058239, 0.605782, -0.785264, 0.128027, 0.033026, 0.0, 0.0, 0.0, 1.0],
                [0.317173, 0.865504, 0.387696, 0.096351, -0.311136, -0.291211, 0.904652, 0.058239, 0.895881, -0.407556, 0.176925, 0.033026, 0.0, 0.0, 0.0, 1.0],
                [0.087759, 0.980389, 0.176459, 0.096352, -0.078213, -0.169814, 0.982369, 0.058239, 0.993069, -0.100013, 0.061776, 0.033024, 0.0, 0.0, 0.0, 1.0],
                [-0.104719, 0.986947, 0.12237, 0.096352, 0.045193, -0.118196, 0.991965, 0.058238, 0.993479, 0.109407, -0.032226, 0.033028, 0.0, 0.0, 0.0, 1.0],
                [-0.258538, 0.955986, 0.138755, 0.096352, 0.162218, -0.098633, 0.981816, 0.058238, 0.952287, 0.276344, -0.129578, 0.033028, 0.0, 0.0, 0.0, 1.0],
                [-0.390198, 0.896585, 0.209485, 0.09635, 0.276855, -0.102739, 0.955406, 0.058239, 0.878125, 0.430792, -0.208136, 0.033026, 0.0, 0.0, 0.0, 1.0],
                [-0.51449, 0.807422, 0.288745, 0.096351, 0.358365, -0.103456, 0.927835, 0.058239, 0.779026, 0.580835, -0.236124, 0.033027, 0.0, 0.0, 0.0, 1.0],
                [-0.6185, 0.718451, 0.318261, 0.096351, 0.37991, -0.081134, 0.92146, 0.058239, 0.687846, 0.690832, -0.222765, 0.033027, 0.0, 0.0, 0.0, 1.0],
                [-0.703929, 0.646468, 0.294225, 0.096353, 0.347477, -0.04785, 0.936469, 0.058238, 0.619475, 0.761441, -0.19095, 0.033027, 0.0, 0.0, 0.0, 1.0],
                [-0.779031, 0.57719, 0.244885, 0.09635, 0.288479, -0.016814, 0.957341, 0.058239, 0.556685, 0.816439, -0.153409, 0.033028, 0.0, 0.0, 0.0, 1.0],
                [-0.843472, 0.507811, 0.175183, 0.096351, 0.207339, 0.006916, 0.978247, 0.058239, 0.495553, 0.861442, -0.111122, 0.033024, 0.0, 0.0, 0.0, 1.0],
                [-0.895427, 0.435702, 0.091543, 0.096352, 0.110742, 0.018814, 0.993674, 0.058238, 0.431223, 0.899896, -0.065098, 0.033026, 0.0, 0.0, 0.0, 1.0],
                [-0.93287, 0.36022, 0.001074, 0.09635, 0.007374, 0.016117, 0.999845, 0.058239, 0.360146, 0.93273, -0.017692, 0.033025, 0.0, 0.0, 0.0, 1.0],
                [-0.95466, 0.284831, -0.086615, 0.096352, -0.090878, -0.00176, 0.995863, 0.058239, 0.2835, 0.958578, 0.027564, 0.033027, 0.0, 0.0, 0.0, 1.0],
                [-0.963316, 0.215413, -0.160079, 0.096352, -0.170018, -0.028302, 0.985037, 0.058238, 0.207659, 0.976114, 0.063887, 0.033026, 0.0, 0.0, 0.0, 1.0],
                [-0.965198, 0.155122, -0.210563, 0.096351, -0.221112, -0.054024, 0.973754, 0.058239, 0.139675, 0.986418, 0.086443, 0.033025, 0.0, 0.0, 0.0, 1.0],
                [-0.966164, 0.112505, -0.232109, 0.096351, -0.240916, -0.072113, 0.967866, 0.058238, 0.092152, 0.991032, 0.096777, 0.033027, 0.0, 0.0, 0.0, 1.0],
                [-0.969147, 0.091872, -0.228734, 0.096351, -0.236813, -0.089503, 0.967426, 0.058238, 0.068407, 0.991742, 0.108497, 0.033025, 0.0, 0.0, 0.0, 1.0],
                [-0.973889, 0.086274, -0.210009, 0.096351, -0.219022, -0.113349, 0.969116, 0.058239, 0.059805, 0.989803, 0.129285, 0.033027, 0.0, 0.0, 0.0, 1.0],
                [-0.97874, 0.088063, -0.185247, 0.096352, -0.196689, -0.146768, 0.969421, 0.058238, 0.058182, 0.985244, 0.160968, 0.033026, 0.0, 0.0, 0.0, 1.0],
                [-0.982785, 0.087706, -0.16263, 0.096351, -0.176941, -0.193194, 0.965077, 0.05824, 0.053224, 0.977233, 0.205387, 0.033025, 0.0, 0.0, 0.0, 1.0],
                [-0.985317, 0.078058, -0.151869, 0.096351, -0.166547, -0.243089, 0.955602, 0.058239, 0.037674, 0.966859, 0.25252, 0.033026, 0.0, 0.0, 0.0, 1.0],
                [-0.986054, 0.04586, -0.160004, 0.096352, -0.166303, -0.311533, 0.935572, 0.058239, -0.006942, 0.949129, 0.314814, 0.033027, 0.0, 0.0, 0.0, 1.0],
                [-0.982503, -0.00631, -0.186158, 0.096352, -0.168241, -0.398834, 0.901461, 0.058237, -0.079934, 0.917003, 0.390793, 0.033027, 0.0, 0.0, 0.0, 1.0],
                [-0.97244, -0.068677, -0.222823, 0.096351, -0.160827, -0.49437, 0.854246, 0.05824, -0.168824, 0.866535, 0.469699, 0.033028, 0.0, 0.0, 0.0, 1.0],
                [-0.952804, -0.13993, -0.269427, 0.096351, -0.138008, -0.59083, 0.794907, 0.058238, -0.270416, 0.79457, 0.543633, 0.033028, 0.0, 0.0, 0.0, 1.0],
                [-0.921186, -0.223059, -0.318851, 0.096353, -0.093249, -0.668984, 0.737406, 0.058239, -0.377792, 0.709018, 0.595458, 0.033025, 0.0, 0.0, 0.0, 1.0],
                [-0.87304, -0.315094, -0.372186, 0.096351, -0.028425, -0.729038, 0.683884, 0.05824, -0.486826, 0.607635, 0.627522, 0.033029, 0.0, 0.0, 0.0, 1.0],
                [-0.80602, -0.410492, -0.426419, 0.096351, 0.051628, -0.766447, 0.640232, 0.058238, -0.589637, 0.494023, 0.638964, 0.033027, 0.0, 0.0, 0.0, 1.0],
                [-0.724447, -0.500394, -0.474117, 0.096351, 0.137763, -0.779012, 0.611689, 0.058238, -0.675429, 0.377819, 0.633288, 0.033026, 0.0, 0.0, 0.0, 1.0],
                [-0.637326, -0.577013, -0.510761, 0.096352, 0.219674, -0.771351, 0.597298, 0.058238, -0.738625, 0.268471, 0.618355, 0.033028, 0.0, 0.0, 0.0, 1.0],
                [-0.554962, -0.636766, -0.535304, 0.096352, 0.289052, -0.750998, 0.593679, 0.058238, -0.780046, 0.174738, 0.600833, 0.033028, 0.0, 0.0, 0.0, 1.0],
                [-0.48523, -0.681581, -0.547725, 0.096351, 0.343719, -0.724663, 0.597264, 0.05824, -0.804, 0.101547, 0.5859, 0.033027, 0.0, 0.0, 0.0, 1.0],
                [-0.434163, -0.713171, -0.550359, 0.096352, 0.384019, -0.699172, 0.603068, 0.058238, -0.814886, 0.050481, 0.577425, 0.033028, 0.0, 0.0, 0.0, 1.0],
                [-0.399344, -0.732468, -0.551379, 0.096351, 0.415545, -0.6807, 0.603301, 0.058238, -0.817223, 0.011802, 0.576206, 0.033028, 0.0, 0.0, 0.0, 1.0],
