{
    "animation": [
        {
            "name": "Root",
            "time": [0.0, 0.0417, 0.0833, 0.125, 0.1667, 0.2083, 0.25, 0.2917, 0.3333, 0.375, 0.4167, 0.4583, 0.5, 0.5417, 0.5833, 0.625, 0.6667, 0.7083, 0.75, 0.7917, 0.8333, 0.875, 0.9167, 0.9583, 1.0, 1.0417, 1.0833, 1.125, 1.1667, 1.2083, 1.25, 1.2917, 1.3333, 1.375, 1.4167, 1.4583, 1.5, 1.5417, 1.5833, 1.625, 1.6667, 1.7083, 1.75, 1.7917, 1.8333, 1.875, 1.9167, 1.9583, 2.0, 2.0417, 2.0833, 2.125, 2.1667, 2.2083, 2.25, 2.2917, 2.3333, 2.375, 2.4167, 2.4583, 2.5, 2.5417, 2.5833, 2.625, 2.6667, 2.7083, 2.75, 2.7917, 2.8333, 2.875, 2.9167, 2.9583, 3.0, 3.0417, 3.0833, 3.125, 3.1667, 3.2083, 3.25, 3.2917, 3.3333, 3.375, 3.4167, 3.4583, 3.5, 3.5417, 3.5833, 3.625, 3.6667, 3.7083, 3.75, 3.7917, 3.8333, 3.875, 3.9167, 3.9583, 4.0, 4.0417, 4.0833, 4.125, 4.1667, 4.2083, 4.25, 4.2917, 4.3333, 4.375, 4.4167, 4.4583, 4.5, 4.5417, 4.5833, 4.625, 4.6667, 4.7083, 4.75, 4.7917, 4.8333, 4.875, 4.9167, 4.9583, 5.0],
            "transform": [
                [-1.0, 0.0, -0.0, -4.6e-05, -0.0, -0.0, 1.0, -0.000181, -0.0, 1.0, 0.0, 0.276891, 0.0, 0.0, 0.0, 1.0],
                [-1.0, 0.0, -0.0, 0.000223, -0.0, -0.0, 1.0, 0.005507, -0.0, 1.0, 0.0, 0.276891, 0.0, 0.0, 0.0, 1.0],
                [-1.0, 0.0, -0.0, 0.000927, -0.0, -0.0, 1.0, 0.021603, -0.0, 1.0, 0.0, 0.276891, 0.0, 0.0, 0.0, 1.0],
                [-1.0, 0.0, -0.0, 0.001631, -0.0, -0.0, 1.0, 0.040989, -0.0, 1.0, 0.0, 0.276891, 0.0, 0.0, 0.0, 1.0],
                [-1.0, 0.0, -0.0, 0.001901, -0.0, -0.0, 1.0, 0.054981, -0.0, 1.0, 0.0, 0.276891, 0.0, 0.0, 0.0, 1.0],
                [-1.0, 0.0, -0.0, 0.001742, -0.0, -0.0, 1.0, 0.063888, -0.0, 1.0, 0.0, 0.276891, 0.0, 0.0, 0.0, 1.0],
                [-1.0, 0.0, -0.0, 0.000628, -0.0, -0.0, 1.0, 0.066998, -0.0, 1.0, 0.0, 0.276891, 0.0, 0.0, 0.0, 1.0],
                [-1.0, 0.0, -0.0, -0.002002, -0.0, -0.0, 1.0, 0.064898, -0.0, 1.0, 0.0, 0.276891, 0.0, 0.0, 0.0, 1.0],
                [-1.0, 0.0, -0.0, -0.006805, -0.0, -0.0, 1.0, 0.058123, -0.0, 1.0, 0.0, 0.276891, 0.0, 0.0, 0.0, 1.0],
                [-1.0, 0.0, -0.0, -0.012725, -0.0, -0.0, 1.0, 0.048923, -0.0, 1.0, 0.0, 0.276891, 0.0, 0.0, 0.0, 1.0],
                [-1.0, 0.0, -0.0, -0.019911, -0.0, -0.0, 1.0, 0.036964, -0.0, 1.0, 0.0, 0.276891, 0.0, 0.0, 0.0, 1.0],
                [-1.0, 0.0, -0.0, -0.027702, -0.0, -0.0, 1.0, 0.023529, -0.0, 1.0, 0.0, 0.276891, 0.0, 0.0, 0.0, 1.0],
                [-1.0, 0.0, -0.0, -0.035712, -0.0, -0.0, 1.0, 0.009943, -0.0, 1.0, 0.0, 0.276891, 0.0, 0.0, 0.0, 1.0],
                [-1.0, 0.0, -0.0, -0.044226, -0.0, -0.0, 1.0, -0.004397, -0.0, 1.0, 0.0, 0.276891, 0.0, 0.0, 0.0, 1.0],
                [-1.0, 0.0, -0.0, -0.053136, -0.0, -0.0, 1.0, -0.020499, -0.0, 1.0, 0.0, 0.276891, 0.0, 0.0, 0.0, 1.0],
                [-1.0, 0.0, -0.0, -0.062143, -0.0, -0.0, 1.0, -0.038532, -0.0, 1.0, 0.0, 0.276891, 0.0, 0.0, 0.0, 1.0],
                [-1.0, 0.0, -0.0, -0.071213, -0.0, -0.0, 1.0, -0.058777, -0.0, 1.0, 0.0, 0.276891, 0.0, 0.0, 0.0, 1.0],
                [-1.0, 0.0, -0.0, -0.080564, -0.0, -0.0, 1.0, -0.081633, -0.0, 1.0, 0.0, 0.276891, 0.0, 0.0, 0.0, 1.0],
                [-1.0, 0.0, -0.0, -0.090176, -0.0, -0.0, 1.0, -0.104934, -0.0, 1.0, 0.0, 0.276891, 0.0, 0.0, 0.0, 1.0],
                [-1.0, 0.0, -0.0, -0.099555, -0.0, -0.0, 1.0, -0.127849, -0.0, 1.0, 0.0, 0.276891, 0.0, 0.0, 0.0, 1.0],
                [-1.0, 0.0, -0.0, -0.10875, -0.0, -0.0, 1.0, -0.151096, -0.0, 1.0, 0.0, 0.276891, 0.0, 0.0, 0.0, 1.0],
                [-1.0, 0.0, -0.0, -0.118786, -0.0, -0.0, 1.0, -0.174827, -0.0, 1.0, 0.0, 0.276891, 0.0, 0.0, 0.0, 1.0],
                [-1.0, 0.0, -0.0, -0.130287, -0.0, -0.0, 1.0, -0.198965, -0.0, 1.0, 0.0, 0.276891, 0.0, 0.0, 0.0, 1.0],
                [-1.0, 0.0, -0.0, -0.143908, -0.0, -0.0, 1.0, -0.222957, -0.0, 1.0, 0.0, 0.276891, 0.0, 0.0, 0.0, 1.0],
                [-1.0, 0.0, -0.0, -0.159313, -0.0, -0.0, 1.0, -0.247479, -0.0, 1.0, 0.0, 0.276891, 0.0, 0.0, 0.0, 1.0],
                [-1.0, 0.0, -0.0, -0.173495, -0.0, -0.0, 1.0, -0.274112, -0.0, 1.0, 0.0, 0.276891, 0.0, 0.0, 0.0, 1.0],
                [-1.0, 0.0, -0.0, -0.185778, -0.0, -0.0, 1.0, -0.302722, -0.0, 1.0, 0.0, 0.276891, 0.0, 0.0, 0.0, 1.0],
                [-1.0, 0.0, -0.0, -0.19649, -0.0, -0.0, 1.0, -0.334943, -0.0, 1.0, 0.0, 0.276891, 0.0, 0.0, 0.0, 1.0],
                [-1.0, 0.0, -0.0, -0.206388, -0.0, -0.0, 1.0, -0.370174, -0.0, 1.0, 0.0, 0.276891, 0.0, 0.0, 0.0, 1.0],
                [-1.0, 0.0, -0.0, -0.214564, -0.0, -0.0, 1.0, -0.409701, -0.0, 1.0, 0.0, 0.276891, 0.0, 0.0, 0.0, 1.0],
                [-1.0, 0.0, -0.0, -0.220187, -0.0, -0.0, 1.0, -0.454789, -0.0, 1.0, 0.0, 0.276891, 0.0, 0.0, 0.0, 1.0],
                [-1.0, 0.0, -0.0, -0.222301, -0.0, -0.0, 1.0, -0.506647, -0.0, 1.0, 0.0, 0.276891, 0.0, 0.0, 0.0, 1.0],
                [-1.0, 0.0, -0.0, -0.219988, -0.0, -0.0, 1.0, -0.564886, -0.0, 1.0, 0.0, 0.276891, 0.0, 0.0, 0.0, 1.0],
                [-1.0, 0.0, -0.0, -0.210903, -0.0, -0.0, 1.0, -0.629118, -0.0, 1.0, 0.0, 0.276891, 0.0, 0.0, 0.0, 1.0],
                [-1.0, 0.0, -0.0, -0.195091, -0.0, -0.0, 1.0, -0.699247, -0.0, 1.0, 0.0, 0.276891, 0.0, 0.0, 0.0, 1.0],
                [-1.0, 0.0, -0.0, -0.176191, -0.0, -0.0, 1.0, -0.773938, -0.0, 1.0, 0.0, 0.276891, 0.0, 0.0, 0.0, 1.0],
                [-1.0, 0.0, -0.0, -0.15656, -0.0, -0.0, 1.0, -0.85375, -0.0, 1.0, 0.0, 0.276891, 0.0, 0.0, 0.0, 1.0],
                [-1.0, 0.0, -0.0, -0.139403, -0.0, -0.0, 1.0, -0.941076, -0.0, 1.0, 0.0, 0.276891, 0.0, 0.0, 0.0, 1.0],
                [-1.0, 0.0, -0.0, -0.129124, -0.0, -0.0, 1.0, -1.03753, -0.0, 1.0, 0.0, 0.276891, 0.0, 0.0, 0.0, 1.0],
                [-1.0, 0.0, -0.0, -0.125852, -0.0, -0.0, 1.0, -1.139471, -0.0, 1.0, 0.0, 0.27689, 0.0, 0.0, 0.0, 1.0],
                [-1.0, 0.0, -0.0, -0.126657, -0.0, -0.0, 1.0, -1.244344, -0.0, 1.0, 0.0, 0.27689, 0.0, 0.0, 0.0, 1.0],
                [-1.0, 0.0, -0.0, -0.129653, -0.0, -0.0, 1.0, -1.352022, -0.0, 1.0, 0.0, 0.27689, 0.0, 0.0, 0.0, 1.0],
                [-1.0, 0.0, -0.0, -0.134383, -0.0, -0.0, 1.0, -1.457681, -0.0, 1.0, 0.0, 0.27689, 0.0, 0.0, 0.0, 1.0],
                [-1.0, 0.0, -0.0, -0.141808, -0.0, -0.0, 1.0, -1.558935, -0.0, 1.0, 0.0, 0.27689, 0.0, 0.0, 0.0, 1.0],
                [-1.0, 0.0, -0.0, -0.150592, -0.0, -0.0, 1.0, -1.640464, -0.0, 1.0, 0.0, 0.27689, 0.0, 0.0, 0.0, 1.0],
                [-1.0, 0.0, -0.0, -0.159376, -0.0, -0.0, 1.0, -1.694524, -0.0, 1.0, 0.0, 0.27689, 0.0, 0.0, 0.0, 1.0],
                [-1.0, 0.0, -0.0, -0.166901, -0.0, -0.0, 1.0, -1.725166, -0.0, 1.0, 0.0, 0.27689, 0.0, 0.0, 0.0, 1.0],
                [-1.0, 0.0, -0.0, -0.172949, -0.0, -0.0, 1.0, -1.740438, -0.0, 1.0, 0.0, 0.27689, 0.0, 0.0, 0.0, 1.0],
                [-1.0, 0.0, -0.0, -0.178429, -0.0, -0.0, 1.0, -1.753638, -0.0, 1.0, 0.0, 0.27689, 0.0, 0.0, 0.0, 1.0],
                [-1.0, 0.0, -0.0, -0.184173, -0.0, -0.0, 1.0, -1.774905, -0.0, 1.0, 0.0, 0.27689, 0.0, 0.0, 0.0, 1.0],
                [-1.0, 0.0, -0.0, -0.189955, -0.0, -0.0, 1.0, -1.800131, -0.0, 1.0, 0.0, 0.27689, 0.0, 0.0, 0.0, 1.0],
                [-1.0, 0.0, -0.0, -0.195534, -0.0, -0.0, 1.0, -1.825718, -0.0, 1.0, 0.0, 0.27689, 0.0, 0.0, 0.0, 1.0],
                [-1.0, 0.0, -0.0, -0.200764, -0.0, -0.0, 1.0, -1.847896, -0.0, 1.0, 0.0, 0.27689, 0.0, 0.0, 0.0, 1.0],
                [-1.0, 0.0, -0.0, -0.206785, -0.0, -0.0, 1.0, -1.866024, -0.0, 1.0, 0.0, 0.27689, 0.0, 0.0, 0.0, 1.0],
                [-1.0, 0.0, -0.0, -0.209842, -0.0, -0.0, 1.0, -1.880708, -0.0, 1.0, 0.0, 0.27689, 0.0, 0.0, 0.0, 1.0],
                [-1.0, 0.0, -0.0, -0.209689, -0.0, -0.0, 1.0, -1.894731, -0.0, 1.0, 0.0, 0.27689, 0.0, 0.0, 0.0, 1.0],
                [-1.0, 0.0, -0.0, -0.209535, -0.0, -0.0, 1.0, -1.90852, -0.0, 1.0, 0.0, 0.27689, 0.0, 0.0, 0.0, 1.0],
                [-1.0, 0.0, -0.0, -0.209382, -0.0, -0.0, 1.0, -1.921953, -0.0, 1.0, 0.0, 0.27689, 0.0, 0.0, 0.0, 1.0],
                [-1.0, 0.0, -0.0, -0.209159, -0.0, -0.0, 1.0, -1.934889, -0.0, 1.0, 0.0, 0.27689, 0.0, 0.0, 0.0, 1.0],
                [-1.0, 0.0, -0.0, -0.208937, -0.0, -0.0, 1.0, -1.9472, -0.0, 1.0, 0.0, 0.27689, 0.0, 0.0, 0.0, 1.0],
                [-1.0, 0.0, -0.0, -0.208678, -0.0, -0.0, 1.0, -1.958801, -0.0, 1.0, 0.0, 0.27689, 0.0, 0.0, 0.0, 1.0],
                [-1.0, 0.0, -0.0, -0.208419, -0.0, -0.0, 1.0, -1.969682, -0.0, 1.0, 0.0, 0.27689, 0.0, 0.0, 0.0, 1.0],
                [-1.0, 0.0, -0.0, -0.208384, -0.0, -0.0, 1.0, -1.979898, -0.0, 1.0, 0.0, 0.27689, 0.0, 0.0, 0.0, 1.0],
                [-1.0, 0.0, -0.0, -0.208348, -0.0, -0.0, 1.0, -1.989548, -0.0, 1.0, 0.0, 0.27689, 0.0, 0.0, 0.0, 1.0],
                [-1.0, 0.0, -0.0, -0.208312, -0.0, -0.0, 1.0, -1.998741, -0.0, 1.0, 0.0, 0.27689, 0.0, 0.0, 0.0, 1.0],
                [-1.0, 0.0, -0.0, -0.208276, -0.0, -0.0, 1.0, -2.006942, -0.0, 1.0, 0.0, 0.27689, 0.0, 0.0, 0.0, 1.0],
                [-1.0, 0.0, -0.0, -0.208996, -0.0, -0.0, 1.0, -2.013379, -0.0, 1.0, 0.0, 0.27689, 0.0, 0.0, 0.0, 1.0],
                [-1.0, 0.0, -0.0, -0.209938, -0.0, -0.0, 1.0, -2.018541, -0.0, 1.0, 0.0, 0.27689, 0.0, 0.0, 0.0, 1.0],
                [-1.0, 0.0, -0.0, -0.210742, -0.0, -0.0, 1.0, -2.02352, -0.0, 1.0, 0.0, 0.27689, 0.0, 0.0, 0.0, 1.0],
                [-1.0, 0.0, -0.0, -0.211414, -0.0, -0.0, 1.0, -2.028899, -0.0, 1.0, 0.0, 0.27689, 0.0, 0.0, 0.0, 1.0],
                [-1.0, 0.0, -0.0, -0.212091, -0.0, -0.0, 1.0, -2.034565, -0.0, 1.0, 0.0, 0.27689, 0.0, 0.0, 0.0, 1.0],
                [-1.0, 0.0, -0.0, -0.212768, -0.0, -0.0, 1.0, -2.040134, -0.0, 1.0, 0.0, 0.27689, 0.0, 0.0, 0.0, 1.0],
                [-1.0, 0.0, -0.0, -0.213438, -0.0, -0.0, 1.0, -2.04506, -0.0, 1.0, 0.0, 0.27689, 0.0, 0.0, 0.0, 1.0],
                [-1.0, 0.0, -0.0, -0.214095, -0.0, -0.0, 1.0, -2.048166, -0.0, 1.0, 0.0, 0.27689, 0.0, 0.0, 0.0, 1.0],
                [-1.0, 0.0, -0.0, -0.214735, -0.0, -0.0, 1.0, -2.051271, -0.0, 1.0, 0.0, 0.27689, 0.0, 0.0, 0.0, 1.0],
                [-1.0, 0.0, -0.0, -0.215358, -0.0, -0.0, 1.0, -2.050958, -0.0, 1.0, 0.0, 0.27689, 0.0, 0.0, 0.0, 1.0],
                [-1.0, 0.0, -0.0, -0.216041, -0.0, -0.0, 1.0, -2.050645, -0.0, 1.0, 0.0, 0.27689, 0.0, 0.0, 0.0, 1.0],
                [-1.0, 0.0, -0.0, -0.216826, -0.0, -0.0, 1.0, -2.050332, -0.0, 1.0, 0.0, 0.27689, 0.0, 0.0, 0.0, 1.0],
                [-1.0, 0.0, -0.0, -0.217613, -0.0, -0.0, 1.0, -2.05002, -0.0, 1.0, 0.0, 0.27689, 0.0, 0.0, 0.0, 1.0],
                [-1.0, 0.0, -0.0, -0.21826, -0.0, -0.0, 1.0, -2.049706, -0.0, 1.0, 0.0, 0.27689, 0.0, 0.0, 0.0, 1.0],
                [-1.0, 0.0, -0.0, -0.218523, -0.0, -0.0, 1.0, -2.049394, -0.0, 1.0, 0.0, 0.27689, 0.0, 0.0, 0.0, 1.0],
                [-1.0, 0.0, -0.0, -0.218787, -0.0, -0.0, 1.0, -2.049081, -0.0, 1.0, 0.0, 0.27689, 0.0, 0.0, 0.0, 1.0],
                [-1.0, 0.0, -0.0, -0.218655, -0.0, -0.0, 1.0, -2.048768, -0.0, 1.0, 0.0, 0.27689, 0.0, 0.0, 0.0, 1.0],
                [-1.0, 0.0, -0.0, -0.218524, -0.0, -0.0, 1.0, -2.048455, -0.0, 1.0, 0.0, 0.27689, 0.0, 0.0, 0.0, 1.0],
                [-1.0, 0.0, -0.0, -0.218392, -0.0, -0.0, 1.0, -2.048142, -0.0, 1.0, 0.0, 0.27689, 0.0, 0.0, 0.0, 1.0],
                [-1.0, 0.0, -0.0, -0.218261, -0.0, -0.0, 1.0, -2.043787, -0.0, 1.0, 0.0, 0.27689, 0.0, 0.0, 0.0, 1.0],
                [-1.0, 0.0, -0.0, -0.217764, -0.0, -0.0, 1.0, -2.038719, -0.0, 1.0, 0.0, 0.27689, 0.0, 0.0, 0.0, 1.0],
                [-1.0, 0.0, -0.0, -0.217114, -0.0, -0.0, 1.0, -2.033432, -0.0, 1.0, 0.0, 0.27689, 0.0, 0.0, 0.0, 1.0],
                [-1.0, 0.0, -0.0, -0.215651, -0.0, -0.0, 1.0, -2.027934, -0.0, 1.0, 0.0, 0.27689, 0.0, 0.0, 0.0, 1.0],
                [-1.0, 0.0, -0.0, -0.212489, -0.0, -0.0, 1.0, -2.021553, -0.0, 1.0, 0.0, 0.27689, 0.0, 0.0, 0.0, 1.0],
                [-1.0, 0.0, -0.0, -0.207998, -0.0, -0.0, 1.0, -2.013742, -0.0, 1.0, 0.0, 0.27689, 0.0, 0.0, 0.0, 1.0],
                [-1.0, 0.0, -0.0, -0.203183, -0.0, -0.0, 1.0, -2.004636, -0.0, 1.0, 0.0, 0.27689, 0.0, 0.0, 0.0, 1.0],
                [-1.0, 0.0, -0.0, -0.198404, -0.0, -0.0, 1.0, -1.994785, -0.0, 1.0, 0.0, 0.27689, 0.0, 0.0, 0.0, 1.0],
                [-1.0, 0.0, -0.0, -0.193129, -0.0, -0.0, 1.0, -1.983838, -0.0, 1.0, 0.0, 0.27689, 0.0, 0.0, 0.0, 1.0],
                [-1.0, 0.0, -0.0, -0.18682, -0.0, -0.0, 1.0, -1.971119, -0.0, 1.0, 0.0, 0.27689, 0.0, 0.0, 0.0, 1.0],
                [-1.0, 0.0, -0.0, -0.179428, -0.0, -0.0, 1.0, -1.956795, -0.0, 1.0, 0.0, 0.27689, 0.0, 0.0, 0.0, 1.0],
                [-1.0, 0.0, -0.0, -0.170966, -0.0, -0.0, 1.0, -1.941181, -0.0, 1.0, 0.0, 0.27689, 0.0, 0.0, 0.0, 1.0],
                [-1.0, 0.0, -0.0, -0.161219, -0.0, -0.0, 1.0, -1.923849, -0.0, 1.0, 0.0, 0.27689, 0.0, 0.0, 0.0, 1.0],
                [-1.0, 0.0, -0.0, -0.150785, -0.0, -0.0, 1.0, -1.904938, -0.0, 1.0, 0.0, 0.27689, 0.0, 0.0, 0.0, 1.0],
                [-1.0, 0.0, -0.0, -0.14059, -0.0, -0.0, 1.0, -1.88534, -0.0, 1.0, 0.0, 0.27689, 0.0, 0.0, 0.0, 1.0],
                [-1.0, 0.0, -0.0, -0.130405, -0.0, -0.0, 1.0, -1.865234, -0.0, 1.0, 0.0, 0.27689, 0.0, 0.0, 0.0, 1.0],
                [-1.0, 0.0, -0.0, -0.119686, -0.0, -0.0, 1.0, -1.844236, -0.0, 1.0, 0.0, 0.27689, 0.0, 0.0, 0.0, 1.0],
                [-1.0, 0.0, -0.0, -0.108621, -0.0, -0.0, 1.0, -1.822441, -0.0, 1.0, 0.0, 0.27689, 0.0, 0.0, 0.0, 1.0],
                [-1.0, 0.0, -0.0, -0.097546, -0.0, -0.0, 1.0, -1.800125, -0.0, 1.0, 0.0, 0.27689, 0.0, 0.0, 0.0, 1.0],
                [-1.0, 0.0, -0.0, -0.086878, -0.0, -0.0, 1.0, -1.777717, -0.0, 1.0, 0.0, 0.27689, 0.0, 0.0, 0.0, 1.0],
                [-1.0, 0.0, -0.0, -0.076975, -0.0, -0.0, 1.0, -1.755661, -0.0, 1.0, 0.0, 0.27689, 0.0, 0.0, 0.0, 1.0],
                [-1.0, 0.0, -0.0, -0.06802, -0.0, -0.0, 1.0, -1.734266, -0.0, 1.0, 0.0, 0.27689, 0.0, 0.0, 0.0, 1.0],
                [-1.0, 0.0, -0.0, -0.060032, -0.0, -0.0, 1.0, -1.713667, -0.0, 1.0, 0.0, 0.27689, 0.0, 0.0, 0.0, 1.0],
                [-1.0, 0.0, -0.0, -0.052433, -0.0, -0.0, 1.0, -1.693188, -0.0, 1.0, 0.0, 0.27689, 0.0, 0.0, 0.0, 1.0],
                [-1.0, 0.0, -0.0, -0.045648, -0.0, -0.0, 1.0, -1.672864, -0.0, 1.0, 0.0, 0.27689, 0.0, 0.0, 0.0, 1.0],
                [-1.0, 0.0, -0.0, -0.041365, -0.0, -0.0, 1.0, -1.654217, -0.0, 1.0, 0.0, 0.27689, 0.0, 0.0, 0.0, 1.0],
                [-1.0, 0.0, -0.0, -0.040082, -0.0, -0.0, 1.0, -1.63797, -0.0, 1.0, 0.0, 0.27689, 0.0, 0.0, 0.0, 1.0],
                [-1.0, 0.0, -0.0, -0.040312, -0.0, -0.0, 1.0, -1.624462, -0.0, 1.0, 0.0, 0.27689, 0.0, 0.0, 0.0, 1.0],
                [-1.0, 0.0, -0.0, -0.041923, -0.0, -0.0, 1.0, -1.615231, -0.0, 1.0, 0.0, 0.27689, 0.0, 0.0, 0.0, 1.0],
                [-1.0, 0.0, -0.0, -0.044882, -0.0, -0.0, 1.0, -1.60817, -0.0, 1.0, 0.0, 0.27689, 0.0, 0.0, 0.0, 1.0],
                [-1.0, 0.0, -0.0, -0.049113, -0.0, -0.0, 1.0, -1.603799, -0.0, 1.0, 0.0, 0.27689, 0.0, 0.0, 0.0, 1.0],
                [-1.0, 0.0, -0.0, -0.053879, -0.0, -0.0, 1.0, -1.60378, -0.0, 1.0, 0.0, 0.27689, 0.0, 0.0, 0.0, 1.0],
                [-1.0, 0.0, -0.0, -0.059935, -0.0, -0.0, 1.0, -1.603762, -0.0, 1.0, 0.0, 0.27689, 0.0, 0.0, 0.0, 1.0],
                [-1.0, 0.0, -0.0, -0.067562, -0.0, -0.0, 1.0, -1.603744, -0.0, 1.0, 0.0, 0.27689, 0.0, 0.0, 0.0, 1.0],
                [-1.0, 0.0, -0.0, -0.073621, -0.0, -0.0, 1.0, -1.603725, -0.0, 1.0, 0.0, 0.27689, 0.0, 0.0, 0.0, 1.0],
                [-1.0, 0.0, -0.0, -0.075714, -0.0, -0.0, 1.0, -1.603707, -0.0, 1.0, 0.0, 0.27689, 0.0, 0.0, 0.0, 1.0]
            ]
        },
        {
            "name": "Thigh_R",
            "time": [0.0, 0.0417, 0.0833, 0.125, 0.1667, 0.2083, 0.25, 0.2917, 0.3333, 0.375, 0.4167, 0.4583, 0.5, 0.5417, 0.5833, 0.625, 0.6667, 0.7083, 0.75, 0.7917, 0.8333, 0.875, 0.9167, 0.9583, 1.0, 1.0417, 1.0833, 1.125, 1.1667, 1.2083, 1.25, 1.2917, 1.3333, 1.375, 1.4167, 1.4583, 1.5, 1.5417, 1.5833, 1.625, 1.6667, 1.7083, 1.75, 1.7917, 1.8333, 1.875, 1.9167, 1.9583, 2.0, 2.0417, 2.0833, 2.125, 2.1667, 2.2083, 2.25, 2.2917, 2.3333, 2.375, 2.4167, 2.4583, 2.5, 2.5417, 2.5833, 2.625, 2.6667, 2.7083, 2.75, 2.7917, 2.8333, 2.875, 2.9167, 2.9583, 3.0, 3.0417, 3.0833, 3.125, 3.1667, 3.2083, 3.25, 3.2917, 3.3333, 3.375, 3.4167, 3.4583, 3.5, 3.5417, 3.5833, 3.625, 3.6667, 3.7083, 3.75, 3.7917, 3.8333, 3.875, 3.9167, 3.9583, 4.0, 4.0417, 4.0833, 4.125, 4.1667, 4.2083, 4.25, 4.2917, 4.3333, 4.375, 4.4167, 4.4583, 4.5, 4.5417, 4.5833, 4.625, 4.6667, 4.7083, 4.75, 4.7917, 4.8333, 4.875, 4.9167, 4.9583, 5.0],
            "transform": [
                [-0.279048, 0.464313, 0.840565, 0.096352, 0.850751, -0.286444, 0.440656, 0.058238, 0.445377, 0.838072, -0.315083, 0.033027, 0.0, 0.0, 0.0, 1.0],
                [-0.318165, 0.476073, 0.819835, 0.096352, 0.838941, -0.26137, 0.477356, 0.058239, 0.441536, 0.839669, -0.316238, 0.033027, 0.0, 0.0, 0.0, 1.0],
                [-0.34381, 0.474142, 0.810548, 0.096352, 0.833089, -0.244293, 0.496274, 0.058239, 0.433316, 0.845879, -0.311012, 0.033027, 0.0, 0.0, 0.0, 1.0],
                [-0.374438, 0.480067, 0.793306, 0.096351, 0.825569, -0.216932, 0.520942, 0.058239, 0.422181, 0.849987, -0.315101, 0.033027, 0.0, 0.0, 0.0, 1.0],
                [-0.418074, 0.48369, 0.768936, 0.096351, 0.81108, -0.182451, 0.555756, 0.058238, 0.409106, 0.856013, -0.316032, 0.033027, 0.0, 0.0, 0.0, 1.0],
                [-0.466383, 0.48572, 0.739301, 0.096352, 0.792381, -0.142124, 0.593243, 0.058239, 0.393222, 0.862484, -0.318591, 0.033027, 0.0, 0.0, 0.0, 1.0],
                [-0.488392, 0.500139, 0.715079, 0.096352, 0.779554, -0.118186, 0.615088, 0.058238, 0.392142, 0.857843, -0.332164, 0.033027, 0.0, 0.0, 0.0, 1.0],
                [-0.506594, 0.515859, 0.690837, 0.096351, 0.763075, -0.104734, 0.637772, 0.058238, 0.401355, 0.850248, -0.340581, 0.033027, 0.0, 0.0, 0.0, 1.0],
                [-0.53088, 0.528599, 0.662385, 0.096352, 0.740546, -0.090654, 0.665867, 0.058239, 0.412024, 0.844018, -0.343325, 0.033027, 0.0, 0.0, 0.0, 1.0],
                [-0.557153, 0.537181, 0.633262, 0.096352, 0.717638, -0.072236, 0.692663, 0.058239, 0.41783, 0.840368, -0.345255, 0.033027, 0.0, 0.0, 0.0, 1.0],
                [-0.586734, 0.540387, 0.6031, 0.096351, 0.694575, -0.047051, 0.717884, 0.058238, 0.416311, 0.840101, -0.347733, 0.033027, 0.0, 0.0, 0.0, 1.0],
                [-0.623525, 0.534592, 0.570467, 0.096352, 0.667502, -0.015856, 0.744442, 0.058238, 0.407018, 0.844963, -0.346954, 0.033027, 0.0, 0.0, 0.0, 1.0],
                [-0.677746, 0.510189, 0.529503, 0.096352, 0.626645, 0.024022, 0.778938, 0.058238, 0.384686, 0.859728, -0.335988, 0.033027, 0.0, 0.0, 0.0, 1.0],
                [-0.742163, 0.46573, 0.48197, 0.096351, 0.569722, 0.059622, 0.819675, 0.058238, 0.353011, 0.882917, -0.309586, 0.033027, 0.0, 0.0, 0.0, 1.0],
                [-0.796974, 0.415462, 0.438439, 0.096351, 0.509171, 0.071615, 0.857684, 0.058239, 0.324936, 0.906788, -0.268616, 0.033027, 0.0, 0.0, 0.0, 1.0],
                [-0.834974, 0.370787, 0.406621, 0.096352, 0.457857, 0.058188, 0.887122, 0.058238, 0.305273, 0.926894, -0.218352, 0.033027, 0.0, 0.0, 0.0, 1.0],
                [-0.818786, 0.383819, 0.426939, 0.096352, 0.464269, 0.005225, 0.885681, 0.058239, 0.33771, 0.923395, -0.182474, 0.033027, 0.0, 0.0, 0.0, 1.0],
                [-0.809122, 0.385023, 0.44394, 0.096351, 0.46298, -0.047584, 0.885093, 0.058239, 0.361905, 0.921681, -0.139757, 0.033027, 0.0, 0.0, 0.0, 1.0],
                [-0.803219, 0.375182, 0.462691, 0.096352, 0.46072, -0.101094, 0.881771, 0.058239, 0.3776, 0.921422, -0.091654, 0.033027, 0.0, 0.0, 0.0, 1.0],
                [-0.801738, 0.354071, 0.481514, 0.096351, 0.454547, -0.1619, 0.875888, 0.058239, 0.388083, 0.921099, -0.031141, 0.033027, 0.0, 0.0, 0.0, 1.0],
                [-0.827808, 0.308306, 0.468708, 0.096351, 0.422556, -0.206917, 0.882404, 0.058239, 0.369033, 0.928512, 0.041011, 0.033027, 0.0, 0.0, 0.0, 1.0],
                [-0.863267, 0.251459, 0.437658, 0.096351, 0.379307, -0.248888, 0.89117, 0.058238, 0.33302, 0.935321, 0.119476, 0.033027, 0.0, 0.0, 0.0, 1.0],
                [-0.893478, 0.192199, 0.40591, 0.096352, 0.339854, -0.301507, 0.890841, 0.058238, 0.293603, 0.933893, 0.20407, 0.033027, 0.0, 0.0, 0.0, 1.0],
                [-0.915698, 0.135545, 0.378326, 0.096352, 0.308035, -0.367887, 0.87737, 0.058239, 0.258105, 0.919939, 0.29512, 0.033027, 0.0, 0.0, 0.0, 1.0],
                [-0.9296, 0.085021, 0.358639, 0.096352, 0.286753, -0.444497, 0.848645, 0.058239, 0.231566, 0.891737, 0.388824, 0.033027, 0.0, 0.0, 0.0, 1.0],
                [-0.938811, 0.035647, 0.342589, 0.096352, 0.273627, -0.526926, 0.804661, 0.058239, 0.209203, 0.849164, 0.48493, 0.033027, 0.0, 0.0, 0.0, 1.0],
                [-0.944886, -0.004557, 0.327375, 0.096352, 0.264861, -0.598439, 0.756123, 0.058239, 0.192468, 0.801156, 0.566663, 0.033027, 0.0, 0.0, 0.0, 1.0],
                [-0.946484, -0.044032, 0.319741, 0.096352, 0.265735, -0.668572, 0.69455, 0.058239, 0.183187, 0.742344, 0.644492, 0.033027, 0.0, 0.0, 0.0, 1.0],
                [-0.952317, -0.031044, 0.303536, 0.096352, 0.24523, -0.669799, 0.700882, 0.058238, 0.18155, 0.741895, 0.645472, 0.033027, 0.0, 0.0, 0.0, 1.0],
                [-0.953318, -0.000791, 0.301978, 0.096352, 0.23148, -0.644105, 0.729074, 0.058239, 0.193929, 0.764938, 0.614218, 0.033027, 0.0, 0.0, 0.0, 1.0],
                [-0.944003, 0.03708, 0.327856, 0.096352, 0.235644, -0.619752, 0.748587, 0.058238, 0.230947, 0.783923, 0.576308, 0.033027, 0.0, 0.0, 0.0, 1.0],
                [-0.926918, 0.079593, 0.366734, 0.096352, 0.249626, -0.598917, 0.760913, 0.058238, 0.280207, 0.796847, 0.535277, 0.033027, 0.0, 0.0, 0.0, 1.0],
                [-0.917061, 0.103666, 0.385045, 0.096351, 0.249415, -0.604289, 0.756723, 0.058239, 0.311125, 0.789994, 0.528313, 0.033027, 0.0, 0.0, 0.0, 1.0],
                [-0.918884, 0.116083, 0.377071, 0.096351, 0.244353, -0.582922, 0.774918, 0.058238, 0.309758, 0.804194, 0.507271, 0.033027, 0.0, 0.0, 0.0, 1.0],
                [-0.929997, 0.083844, 0.357886, 0.096352, 0.244208, -0.586761, 0.77206, 0.058238, 0.274726, 0.805409, 0.525209, 0.033027, 0.0, 0.0, 0.0, 1.0],
                [-0.945685, 0.025285, 0.324108, 0.096352, 0.243991, -0.603634, 0.759011, 0.058239, 0.214834, 0.796862, 0.564678, 0.033027, 0.0, 0.0, 0.0, 1.0],
                [-0.954698, -0.051606, 0.293078, 0.096351, 0.260094, -0.62324, 0.737513, 0.058239, 0.144598, 0.780327, 0.608427, 0.033027, 0.0, 0.0, 0.0, 1.0],
                [-0.952279, -0.126739, 0.277682, 0.096352, 0.293798, -0.627301, 0.721235, 0.058238, 0.082781, 0.768397, 0.6346, 0.033027, 0.0, 0.0, 0.0, 1.0],
                [-0.939334, -0.182225, 0.290604, 0.096352, 0.340583, -0.596106, 0.727093, 0.058239, 0.040736, 0.781955, 0.622004, 0.033027, 0.0, 0.0, 0.0, 1.0],
                [-0.926969, -0.196789, 0.319387, 0.096352, 0.374901, -0.516697, 0.769726, 0.058239, 0.013553, 0.833247, 0.552737, 0.033027, 0.0, 0.0, 0.0, 1.0],
                [-0.91312, -0.175494, 0.367994, 0.096352, 0.407617, -0.374948, 0.832627, 0.058238, -0.008142, 0.910285, 0.413906, 0.033027, 0.0, 0.0, 0.0, 1.0],
                [-0.877905, -0.136512, 0.45897, 0.096351, 0.478831, -0.244071, 0.843299, 0.058239, -0.0031, 0.960102, 0.279637, 0.033027, 0.0, 0.0, 0.0, 1.0],
                [-0.846521, -0.117338, 0.519269, 0.096352, 0.531861, -0.144109, 0.834483, 0.058238, -0.023085, 0.982582, 0.184398, 0.033027, 0.0, 0.0, 0.0, 1.0],
                [-0.836461, -0.089068, 0.540745, 0.096352, 0.546425, -0.060063, 0.835354, 0.058238, -0.041925, 0.994214, 0.098909, 0.033027, 0.0, 0.0, 0.0, 1.0],
                [-0.846579, -0.088805, 0.524807, 0.096352, 0.528568, -0.024212, 0.848548, 0.058238, -0.062649, 0.995756, 0.067436, 0.033028, 0.0, 0.0, 0.0, 1.0],
                [-0.867115, -0.111343, 0.48551, 0.096352, 0.490104, -0.016618, 0.871508, 0.058239, -0.088968, 0.993644, 0.068979, 0.033028, 0.0, 0.0, 0.0, 1.0],
                [-0.885583, -0.138326, 0.443412, 0.096351, 0.452344, -0.03998, 0.890949, 0.058239, -0.105514, 0.989581, 0.097976, 0.033027, 0.0, 0.0, 0.0, 1.0],
                [-0.895018, -0.151966, 0.419351, 0.096352, 0.434599, -0.085561, 0.896553, 0.058238, -0.100365, 0.984677, 0.142622, 0.033027, 0.0, 0.0, 0.0, 1.0],
                [-0.900918, -0.157316, 0.404478, 0.096352, 0.425274, -0.134112, 0.895075, 0.058239, -0.086564, 0.978401, 0.187726, 0.033027, 0.0, 0.0, 0.0, 1.0],
                [-0.90186, -0.157661, 0.402242, 0.096351, 0.426711, -0.17932, 0.886435, 0.058238, -0.067626, 0.971077, 0.228997, 0.033028, 0.0, 0.0, 0.0, 1.0],
                [-0.894949, -0.148156, 0.420857, 0.096352, 0.443688, -0.196093, 0.874467, 0.058238, -0.047031, 0.96933, 0.241227, 0.033027, 0.0, 0.0, 0.0, 1.0],
                [-0.884196, -0.133482, 0.447643, 0.096351, 0.46656, -0.205414, 0.860309, 0.058238, -0.022884, 0.969531, 0.243903, 0.033027, 0.0, 0.0, 0.0, 1.0],
                [-0.872688, -0.118206, 0.473759, 0.096352, 0.488283, -0.212596, 0.846396, 0.058238, 0.000669, 0.969965, 0.243247, 0.033027, 0.0, 0.0, 0.0, 1.0],
                [-0.861313, -0.106784, 0.496733, 0.096351, 0.507685, -0.219479, 0.83312, 0.058239, 0.020058, 0.969757, 0.243252, 0.033028, 0.0, 0.0, 0.0, 1.0],
                [-0.851045, -0.098104, 0.515852, 0.096352, 0.523904, -0.224859, 0.821564, 0.058238, 0.035395, 0.969441, 0.242762, 0.033028, 0.0, 0.0, 0.0, 1.0],
                [-0.842649, -0.08922, 0.531026, 0.096351, 0.536287, -0.227744, 0.812732, 0.058238, 0.048426, 0.969626, 0.239755, 0.033027, 0.0, 0.0, 0.0, 1.0],
                [-0.836895, -0.081748, 0.541229, 0.096352, 0.544216, -0.230232, 0.806738, 0.058239, 0.058659, 0.969697, 0.237167, 0.033027, 0.0, 0.0, 0.0, 1.0],
                [-0.833337, -0.078603, 0.547153, 0.096352, 0.549176, -0.230431, 0.803313, 0.058239, 0.062938, 0.96991, 0.235192, 0.033028, 0.0, 0.0, 0.0, 1.0],
                [-0.832259, -0.075026, 0.549292, 0.096351, 0.550515, -0.228833, 0.802853, 0.058239, 0.065461, 0.970571, 0.23175, 0.033027, 0.0, 0.0, 0.0, 1.0],
                [-0.831889, -0.073263, 0.55009, 0.096351, 0.55115, -0.224824, 0.803549, 0.058239, 0.064803, 0.971642, 0.227408, 0.033028, 0.0, 0.0, 0.0, 1.0],
                [-0.831474, -0.07217, 0.550862, 0.096351, 0.551833, -0.222085, 0.803843, 0.058238, 0.064324, 0.972354, 0.224483, 0.033028, 0.0, 0.0, 0.0, 1.0],
                [-0.831269, -0.072707, 0.5511, 0.096352, 0.552346, -0.219579, 0.804179, 0.058238, 0.06254, 0.972883, 0.222687, 0.033028, 0.0, 0.0, 0.0, 1.0],
                [-0.832107, -0.074387, 0.549609, 0.096352, 0.551435, -0.217018, 0.805498, 0.058238, 0.059356, 0.97333, 0.221601, 0.033027, 0.0, 0.0, 0.0, 1.0],
                [-0.833836, -0.076515, 0.546688, 0.096351, 0.549281, -0.213479, 0.807912, 0.058238, 0.054889, 0.973948, 0.220034, 0.033028, 0.0, 0.0, 0.0, 1.0],
                [-0.837044, -0.079401, 0.541348, 0.096352, 0.545044, -0.207549, 0.812314, 0.058238, 0.047858, 0.974998, 0.217004, 0.033027, 0.0, 0.0, 0.0, 1.0],
                [-0.841946, -0.084825, 0.532857, 0.096352, 0.538076, -0.205361, 0.817499, 0.058239, 0.040083, 0.975004, 0.218545, 0.033028, 0.0, 0.0, 0.0, 1.0],
                [-0.845032, -0.089205, 0.527228, 0.096351, 0.53363, -0.203651, 0.820834, 0.058238, 0.034148, 0.974972, 0.219694, 0.033028, 0.0, 0.0, 0.0, 1.0],
                [-0.847142, -0.090986, 0.523523, 0.096351, 0.530469, -0.2022, 0.823239, 0.058239, 0.030953, 0.97511, 0.219556, 0.033028, 0.0, 0.0, 0.0, 1.0],
                [-0.849001, -0.093057, 0.520137, 0.096351, 0.52768, -0.200548, 0.825432, 0.058238, 0.0275, 0.975255, 0.219369, 0.033028, 0.0, 0.0, 0.0, 1.0],
                [-0.850804, -0.095407, 0.516756, 0.096352, 0.524956, -0.198631, 0.82763, 0.058239, 0.023682, 0.975421, 0.21908, 0.033028, 0.0, 0.0, 0.0, 1.0],
                [-0.852245, -0.096469, 0.514177, 0.096352, 0.522681, -0.198551, 0.829088, 0.058238, 0.022109, 0.975333, 0.219635, 0.033028, 0.0, 0.0, 0.0, 1.0],
                [-0.853546, -0.097824, 0.511757, 0.096352, 0.520633, -0.19814, 0.830473, 0.058239, 0.020159, 0.975281, 0.220052, 0.033027, 0.0, 0.0, 0.0, 1.0],
                [-0.854715, -0.098748, 0.509624, 0.096352, 0.518777, -0.197289, 0.831836, 0.058239, 0.0184, 0.97536, 0.219853, 0.033028, 0.0, 0.0, 0.0, 1.0],
                [-0.85606, -0.100102, 0.507096, 0.096351, 0.516632, -0.196188, 0.83343, 0.058239, 0.016057, 0.975445, 0.219664, 0.033027, 0.0, 0.0, 0.0, 1.0],
                [-0.857788, -0.100756, 0.504038, 0.096352, 0.513841, -0.193228, 0.835844, 0.058239, 0.013178, 0.975968, 0.217521, 0.033026, 0.0, 0.0, 0.0, 1.0],
                [-0.859391, -0.101577, 0.501131, 0.096351, 0.511222, -0.190167, 0.838148, 0.058238, 0.010162, 0.976483, 0.215356, 0.033028, 0.0, 0.0, 0.0, 1.0],
                [-0.860889, -0.102291, 0.498409, 0.096351, 0.50876, -0.185004, 0.840798, 0.058238, 0.006201, 0.977401, 0.211309, 0.033028, 0.0, 0.0, 0.0, 1.0],
                [-0.861517, -0.102303, 0.497321, 0.096352, 0.507729, -0.177763, 0.84298, 0.058238, 0.002165, 0.978742, 0.205087, 0.033027, 0.0, 0.0, 0.0, 1.0],
                [-0.861441, -0.10133, 0.497651, 0.096351, 0.507861, -0.169884, 0.844524, 0.058239, -0.001033, 0.980242, 0.197806, 0.033027, 0.0, 0.0, 0.0, 1.0],
                [-0.860845, -0.100372, 0.498875, 0.096351, 0.508855, -0.161732, 0.845525, 0.058238, -0.004183, 0.981718, 0.190301, 0.033027, 0.0, 0.0, 0.0, 1.0],
                [-0.859452, -0.099156, 0.501514, 0.096351, 0.511179, -0.153976, 0.845572, 0.058238, -0.006622, 0.983088, 0.183021, 0.033027, 0.0, 0.0, 0.0, 1.0],
                [-0.857486, -0.097849, 0.505122, 0.096351, 0.514439, -0.14649, 0.844924, 0.058238, -0.00868, 0.984362, 0.17595, 0.033028, 0.0, 0.0, 0.0, 1.0],
                [-0.856351, -0.097727, 0.507068, 0.096351, 0.516246, -0.138101, 0.845235, 0.058238, -0.012576, 0.985586, 0.168713, 0.033027, 0.0, 0.0, 0.0, 1.0],
                [-0.855742, -0.098565, 0.507934, 0.096351, 0.517128, -0.130597, 0.845888, 0.058238, -0.01704, 0.986525, 0.162727, 0.033027, 0.0, 0.0, 0.0, 1.0],
                [-0.855107, -0.100514, 0.50862, 0.096351, 0.518023, -0.125512, 0.846111, 0.058238, -0.021208, 0.986988, 0.159394, 0.033027, 0.0, 0.0, 0.0, 1.0],
                [-0.855262, -0.102583, 0.507946, 0.096352, 0.51753, -0.119187, 0.847326, 0.058239, -0.026381, 0.987559, 0.155025, 0.033027, 0.0, 0.0, 0.0, 1.0],
                [-0.855032, -0.103479, 0.508153, 0.096352, 0.51774, -0.1145, 0.847845, 0.058238, -0.029551, 0.98802, 0.151476, 0.033028, 0.0, 0.0, 0.0, 1.0],
                [-0.853313, -0.101879, 0.511355, 0.096352, 0.520613, -0.112423, 0.846362, 0.058238, -0.028739, 0.988425, 0.14897, 0.033028, 0.0, 0.0, 0.0, 1.0],
                [-0.850988, -0.099255, 0.515726, 0.096352, 0.524549, -0.112106, 0.84397, 0.058239, -0.025952, 0.988728, 0.147464, 0.033028, 0.0, 0.0, 0.0, 1.0],
                [-0.848505, -0.095686, 0.520471, 0.096352, 0.528747, -0.112892, 0.841241, 0.058239, -0.021738, 0.988991, 0.146382, 0.033028, 0.0, 0.0, 0.0, 1.0],
                [-0.846061, -0.091529, 0.525175, 0.096352, 0.532821, -0.113836, 0.838539, 0.058239, -0.016967, 0.989276, 0.14508, 0.033026, 0.0, 0.0, 0.0, 1.0],
                [-0.843644, -0.087083, 0.529798, 0.096352, 0.536776, -0.114997, 0.835854, 0.058239, -0.011864, 0.989543, 0.143759, 0.033027, 0.0, 0.0, 0.0, 1.0],
                [-0.840434, -0.082363, 0.535625, 0.096351, 0.541907, -0.120914, 0.831698, 0.058239, -0.003737, 0.989241, 0.146253, 0.033027, 0.0, 0.0, 0.0, 1.0],
                [-0.835895, -0.075788, 0.543638, 0.096351, 0.548831, -0.130593, 0.825673, 0.058239, 0.008419, 0.988536, 0.150756, 0.033026, 0.0, 0.0, 0.0, 1.0],
                [-0.829528, -0.068117, 0.5543, 0.096352, 0.557949, -0.143965, 0.817295, 0.058238, 0.024128, 0.987237, 0.157429, 0.033026, 0.0, 0.0, 0.0, 1.0],
                [-0.824444, -0.062015, 0.562541, 0.096351, 0.564516, -0.160813, 0.809609, 0.058239, 0.040256, 0.985036, 0.167589, 0.033026, 0.0, 0.0, 0.0, 1.0],
                [-0.824418, -0.059213, 0.56288, 0.096351, 0.562924, -0.189101, 0.804588, 0.058239, 0.058799, 0.980172, 0.189231, 0.033026, 0.0, 0.0, 0.0, 1.0],
                [-0.81866, -0.052266, 0.5719, 0.096351, 0.568171, -0.218616, 0.793343, 0.058239, 0.083561, 0.974411, 0.208668, 0.033026, 0.0, 0.0, 0.0, 1.0],
                [-0.812336, -0.043574, 0.581565, 0.096352, 0.572519, -0.249515, 0.781005, 0.058239, 0.111078, 0.967391, 0.227636, 0.033026, 0.0, 0.0, 0.0, 1.0],
                [-0.805698, -0.034903, 0.591302, 0.096351, 0.575804, -0.28032, 0.768033, 0.058239, 0.138946, 0.959273, 0.24595, 0.033026, 0.0, 0.0, 0.0, 1.0],
                [-0.800329, -0.028483, 0.598889, 0.096352, 0.57681, -0.309158, 0.756119, 0.058238, 0.163614, 0.950585, 0.263857, 0.033026, 0.0, 0.0, 0.0, 1.0],
                [-0.797804, -0.024041, 0.602442, 0.096351, 0.573567, -0.338244, 0.746067, 0.058239, 0.185836, 0.940752, 0.283641, 0.033026, 0.0, 0.0, 0.0, 1.0],
                [-0.796293, -0.02192, 0.604518, 0.096352, 0.568529, -0.368486, 0.735525, 0.058238, 0.206633, 0.929376, 0.305884, 0.033026, 0.0, 0.0, 0.0, 1.0],
                [-0.795315, -0.020559, 0.605852, 0.096351, 0.562183, -0.398899, 0.724454, 0.058239, 0.22678, 0.916765, 0.328807, 0.033026, 0.0, 0.0, 0.0, 1.0],
                [-0.795224, -0.01894, 0.606025, 0.096351, 0.55417, -0.42825, 0.713795, 0.058239, 0.246011, 0.903463, 0.35105, 0.033026, 0.0, 0.0, 0.0, 1.0],
                [-0.796866, -0.018042, 0.603892, 0.096351, 0.544284, -0.455291, 0.704606, 0.058239, 0.262234, 0.890161, 0.372624, 0.033026, 0.0, 0.0, 0.0, 1.0],
                [-0.800881, -0.017749, 0.598566, 0.096351, 0.531875, -0.480352, 0.697405, 0.058239, 0.275144, 0.876897, 0.394144, 0.033026, 0.0, 0.0, 0.0, 1.0],
                [-0.807544, -0.020629, 0.589451, 0.096351, 0.517344, -0.504726, 0.691093, 0.058238, 0.283255, 0.863034, 0.41826, 0.033027, 0.0, 0.0, 0.0, 1.0],
                [-0.814885, -0.023875, 0.579136, 0.096351, 0.502065, -0.528374, 0.684657, 0.058239, 0.289654, 0.848677, 0.44255, 0.033026, 0.0, 0.0, 0.0, 1.0],
                [-0.820002, -0.026346, 0.57176, 0.096352, 0.48915, -0.550979, 0.676135, 0.058239, 0.297214, 0.834105, 0.464689, 0.033026, 0.0, 0.0, 0.0, 1.0],
                [-0.82895, -0.03194, 0.558416, 0.096352, 0.472931, -0.573078, 0.66927, 0.058238, 0.298639, 0.818879, 0.490158, 0.033026, 0.0, 0.0, 0.0, 1.0],
                [-0.837256, -0.038075, 0.545488, 0.096351, 0.459572, -0.589567, 0.664235, 0.058239, 0.296311, 0.806823, 0.511116, 0.033026, 0.0, 0.0, 0.0, 1.0],
                [-0.844942, -0.045498, 0.532925, 0.096352, 0.449167, -0.60132, 0.660807, 0.058239, 0.290393, 0.797713, 0.528516, 0.033026, 0.0, 0.0, 0.0, 1.0],
                [-0.851881, -0.053748, 0.520976, 0.096352, 0.440451, -0.611746, 0.657095, 0.058238, 0.283387, 0.789228, 0.544807, 0.033026, 0.0, 0.0, 0.0, 1.0],
                [-0.859242, -0.064775, 0.507457, 0.096351, 0.433169, -0.619853, 0.654332, 0.058238, 0.272165, 0.782041, 0.560661, 0.033026, 0.0, 0.0, 0.0, 1.0],
                [-0.86433, -0.074482, 0.497386, 0.096352, 0.428452, -0.626962, 0.650654, 0.058238, 0.26338, 0.775483, 0.573812, 0.033026, 0.0, 0.0, 0.0, 1.0],
                [-0.866811, -0.083812, 0.491549, 0.096351, 0.427485, -0.632402, 0.646009, 0.058239, 0.256713, 0.770094, 0.584001, 0.033026, 0.0, 0.0, 0.0, 1.0],
                [-0.869856, -0.092007, 0.484656, 0.096351, 0.424997, -0.638588, 0.64155, 0.058239, 0.250468, 0.764029, 0.594582, 0.033027, 0.0, 0.0, 0.0, 1.0],
                [-0.870415, -0.098517, 0.482367, 0.096351, 0.425347, -0.643862, 0.636023, 0.058239, 0.247919, 0.758774, 0.60233, 0.033026, 0.0, 0.0, 0.0, 1.0],
                [-0.870499, -0.104981, 0.480849, 0.096352, 0.427347, -0.645875, 0.632632, 0.058238, 0.244154, 0.756192, 0.607096, 0.033026, 0.0, 0.0, 0.0, 1.0],
                [-0.875133, -0.108296, 0.471616, 0.096351, 0.42014, -0.653587, 0.629531, 0.058239, 0.240066, 0.749064, 0.617474, 0.033026, 0.0, 0.0, 0.0, 1.0]
            ]
        },
        {
            "name": "Leg_R",
            "time": [0.0, 0.0417, 0.0833, 0.125, 0.1667, 0.2083, 0.25, 0.2917, 0.3333, 0.375, 0.4167, 0.4583, 0.5, 0.5417, 0.5833, 0.625, 0.6667, 0.7083, 0.75, 0.7917, 0.8333, 0.875, 0.9167, 0.9583, 1.0, 1.0417, 1.0833, 1.125, 1.1667, 1.2083, 1.25, 1.2917, 1.3333, 1.375, 1.4167, 1.4583, 1.5, 1.5417, 1.5833, 1.625, 1.6667, 1.7083, 1.75, 1.7917, 1.8333, 1.875, 1.9167, 1.9583, 2.0, 2.0417, 2.0833, 2.125, 2.1667, 2.2083, 2.25, 2.2917, 2.3333, 2.375, 2.4167, 2.4583, 2.5, 2.5417, 2.5833, 2.625, 2.6667, 2.7083, 2.75, 2.7917, 2.8333, 2.875, 2.9167, 2.9583, 3.0, 3.0417, 3.0833, 3.125, 3.1667, 3.2083, 3.25, 3.2917, 3.3333, 3.375, 3.4167, 3.4583, 3.5, 3.5417, 3.5833, 3.625, 3.6667, 3.7083, 3.75, 3.7917, 3.8333, 3.875, 3.9167, 3.9583, 4.0, 4.0417, 4.0833, 4.125, 4.1667, 4.2083, 4.25, 4.2917, 4.3333, 4.375, 4.4167, 4.4583, 4.5, 4.5417, 4.5833, 4.625, 4.6667, 4.7083, 4.75, 4.7917, 4.8333, 4.875, 4.9167, 4.9583, 5.0],
            "transform": [
                [0.999999, -0.0, 1e-06, 0.0, -1e-06, -0.52932, 0.848424, 0.37472, 0.0, -0.848422, -0.529321, 0.0, 0.0, 0.0, 0.0, 1.0],
                [0.999999, -0.0, 1e-06, -0.0, -0.0, -0.518962, 0.854799, 0.37472, 0.0, -0.854798, -0.518962, 0.0, 0.0, 0.0, 0.0, 1.0],
                [0.999999, 0.0, 1e-06, 0.0, -1e-06, -0.518072, 0.855339, 0.37472, 0.0, -0.855337, -0.518073, -0.0, 0.0, 0.0, 0.0, 1.0],
                [0.999999, -0.0, 1e-06, 0.0, -1e-06, -0.517182, 0.855878, 0.37472, 0.0, -0.855876, -0.517183, -0.0, 0.0, 0.0, 0.0, 1.0],
                [0.999999, -0.0, 1e-06, -0.0, -1e-06, -0.516291, 0.856415, 0.37472, 0.0, -0.856413, -0.516292, 0.0, 0.0, 0.0, 0.0, 1.0],
                [0.999999, 0.0, 0.0, 0.0, -0.0, -0.51194, 0.859023, 0.37472, 0.0, -0.859022, -0.511941, -0.0, 0.0, 0.0, 0.0, 1.0],
                [0.999999, -0.0, 0.0, 0.0, -0.0, -0.495758, 0.868462, 0.37472, 0.0, -0.868461, -0.495758, 0.0, 0.0, 0.0, 0.0, 1.0],
                [0.999999, -0.0, 1e-06, 0.0, -0.0, -0.492838, 0.870122, 0.37472, 0.0, -0.870121, -0.492839, -0.0, 0.0, 0.0, 0.0, 1.0],
                [0.999999, 0.0, 0.0, -0.0, -0.0, -0.4973, 0.86758, 0.37472, 0.0, -0.867579, -0.4973, 0.0, 0.0, 0.0, 0.0, 1.0],
                [0.999999, -0.0, -0.0, 0.0, 0.0, -0.493683, 0.869643, 0.37472, 0.0, -0.869643, -0.493683, 0.0, 0.0, 0.0, 0.0, 1.0],
                [0.999999, 0.0, -0.0, 0.0, 0.0, -0.485497, 0.87424, 0.37472, 0.0, -0.87424, -0.485497, -0.0, 0.0, 0.0, 0.0, 1.0],
                [0.999999, -0.0, -0.0, 0.0, 0.0, -0.475795, 0.879557, 0.37472, -0.0, -0.879557, -0.475795, -0.0, 0.0, 0.0, 0.0, 1.0],
                [0.999999, -0.0, -0.0, 0.0, 0.0, -0.460235, 0.887798, 0.37472, -0.0, -0.887798, -0.460235, -0.0, 0.0, 0.0, 0.0, 1.0],
                [0.999999, 0.0, -0.0, -0.0, 0.0, -0.437641, 0.899152, 0.37472, 0.0, -0.899151, -0.437641, 0.0, 0.0, 0.0, 0.0, 1.0],
                [0.999999, -0.0, -0.0, 0.0, 0.0, -0.404071, 0.914729, 0.37472, -0.0, -0.914728, -0.404071, -0.0, 0.0, 0.0, 0.0, 1.0],
                [0.999999, -0.0, -1e-06, 0.0, 0.0, -0.357043, 0.934089, 0.37472, -0.0, -0.934089, -0.357043, 0.0, 0.0, 0.0, 0.0, 1.0],
                [0.999999, -0.0, -1e-06, 0.0, 1e-06, -0.296416, 0.95506, 0.37472, -0.0, -0.955059, -0.296416, -0.0, 0.0, 0.0, 0.0, 1.0],
                [0.999999, -0.0, -0.0, 0.0, -0.0, -0.221164, 0.975237, 0.37472, -1e-06, -0.975237, -0.221164, 0.0, 0.0, 0.0, 0.0, 1.0],
                [0.999999, -1e-06, -0.0, 0.0, 0.0, -0.130172, 0.991493, 0.37472, -1e-06, -0.991492, -0.130172, -0.0, 0.0, 0.0, 0.0, 1.0],
                [0.999999, -0.0, -0.0, -0.0, 0.0, -0.026967, 0.999638, 0.37472, -0.0, -0.999637, -0.026967, 0.0, 0.0, 0.0, 0.0, 1.0],
                [0.999999, -0.0, -1e-06, -0.0, 1e-06, 0.084225, 0.996449, 0.37472, -0.0, -0.996448, 0.084225, 0.0, 0.0, 0.0, 0.0, 1.0],
                [0.999999, -0.0, -1e-06, -0.0, 1e-06, 0.201913, 0.979404, 0.37472, 0.0, -0.979404, 0.201913, 0.0, 0.0, 0.0, 0.0, 1.0],
                [0.999999, -0.0, -1e-06, 0.0, 1e-06, 0.324379, 0.945928, 0.37472, -0.0, -0.945927, 0.32438, 0.0, 0.0, 0.0, 0.0, 1.0],
