{
    "animation": [
        {
            "name": "Root",
            "time": [0.0, 0.0417, 0.0833, 0.125, 0.1667, 0.2083, 0.25, 0.2917, 0.3333, 0.375, 0.4167, 0.4583, 0.5, 0.5417, 0.5833, 0.625, 0.6667, 0.7083, 0.75, 0.7917, 0.8333, 0.875, 0.9167, 0.9583, 1.0, 1.0417, 1.0833, 1.125, 1.1667, 1.2083, 1.25, 1.2917, 1.3333, 1.375, 1.4167, 1.4583, 1.5, 1.5417, 1.5833, 1.625, 1.6667, 1.7083, 1.75, 1.7917, 1.8333, 1.875, 1.9167, 1.9583, 2.0, 2.0417, 2.0833, 2.125, 2.1667, 2.2083, 2.25, 2.2917, 2.3333, 2.375, 2.4167, 2.4583, 2.5, 2.5417, 2.5833, 2.625, 2.6667, 2.7083, 2.75, 2.7917, 2.8333, 2.875, 2.9167, 2.9583, 3.0, 3.0417, 3.0833, 3.125, 3.1667, 3.2083, 3.25, 3.2917, 3.3333, 3.375, 3.4167, 3.4583, 3.5, 3.5417, 3.5833, 3.625, 3.6667, 3.7083, 3.75, 3.7917, 3.8333, 3.875, 3.9167, 3.9583, 4.0, 4.0417, 4.0833, 4.125, 4.1667, 4.2083, 4.25, 4.2917, 4.3333, 4.375, 4.4167, 4.4583, 4.5, 4.5417, 4.5833, 4.625, 4.6667, 4.7083, 4.75, 4.7917, 4.8333, 4.875, 4.9167, 4.9583, 5.0, 5.0417, 5.0833, 5.125, 5.1667, 5.2083, 5.25, 5.2917, 5.3333, 5.375, 5.4167, 5.4583, 5.5, 5.5417, 5.5833, 5.625, 5.6667, 5.7083, 5.75, 5.7917, 5.8333, 5.875, 5.9167, 5.9583],
            "transform": [
                [-1.0, 0.0, -0.0, -5.6e-05, -0.0, -0.0, 1.0, 0.000146, -0.0, 1.0, 0.0, 0.564001, 0.0, 0.0, 0.0, 1.0],
                [-1.0, 0.0, -0.0, -0.005315, -0.0, -0.0, 1.0, -0.006194, -0.0, 1.0, 0.0, 0.564001, 0.0, 0.0, 0.0, 1.0],
                [-1.0, 0.0, -0.0, -0.016561, -0.0, -0.0, 1.0, -0.022955, -0.0, 1.0, 0.0, 0.564001, 0.0, 0.0, 0.0, 1.0],
                [-1.0, 0.0, -0.0, -0.028756, -0.0, -0.0, 1.0, -0.046993, -0.0, 1.0, 0.0, 0.564001, 0.0, 0.0, 0.0, 1.0],
                [-1.0, 0.0, -0.0, -0.042775, -0.0, -0.0, 1.0, -0.081294, -0.0, 1.0, 0.0, 0.564001, 0.0, 0.0, 0.0, 1.0],
                [-1.0, 0.0, -0.0, -0.060435, -0.0, -0.0, 1.0, -0.138062, -0.0, 1.0, 0.0, 0.564001, 0.0, 0.0, 0.0, 1.0],
                [-1.0, 0.0, -0.0, -0.079506, -0.0, -0.0, 1.0, -0.2018, -0.0, 1.0, 0.0, 0.564001, 0.0, 0.0, 0.0, 1.0],
                [-1.0, 0.0, -0.0, -0.098844, -0.0, -0.0, 1.0, -0.272592, -0.0, 1.0, 0.0, 0.564001, 0.0, 0.0, 0.0, 1.0],
                [-1.0, 0.0, -0.0, -0.118872, -0.0, -0.0, 1.0, -0.352956, -0.0, 1.0, 0.0, 0.564001, 0.0, 0.0, 0.0, 1.0],
                [-1.0, 0.0, -0.0, -0.135996, -0.0, -0.0, 1.0, -0.434303, -0.0, 1.0, 0.0, 0.564001, 0.0, 0.0, 0.0, 1.0],
                [-1.0, 0.0, -0.0, -0.147923, -0.0, -0.0, 1.0, -0.510043, -0.0, 1.0, 0.0, 0.564001, 0.0, 0.0, 0.0, 1.0],
                [-1.0, 0.0, -0.0, -0.154579, -0.0, -0.0, 1.0, -0.575554, -0.0, 1.0, 0.0, 0.564001, 0.0, 0.0, 0.0, 1.0],
                [-1.0, 0.0, -0.0, -0.156852, -0.0, -0.0, 1.0, -0.628259, -0.0, 1.0, 0.0, 0.564001, 0.0, 0.0, 0.0, 1.0],
                [-1.0, 0.0, -0.0, -0.158431, -0.0, -0.0, 1.0, -0.667391, -0.0, 1.0, 0.0, 0.564001, 0.0, 0.0, 0.0, 1.0],
                [-1.0, 0.0, -0.0, -0.164006, -0.0, -0.0, 1.0, -0.691663, -0.0, 1.0, 0.0, 0.564001, 0.0, 0.0, 0.0, 1.0],
                [-1.0, 0.0, -0.0, -0.173192, -0.0, -0.0, 1.0, -0.695173, -0.0, 1.0, 0.0, 0.564001, 0.0, 0.0, 0.0, 1.0],
                [-1.0, 0.0, -0.0, -0.191993, -0.0, -0.0, 1.0, -0.688454, -0.0, 1.0, 0.0, 0.564001, 0.0, 0.0, 0.0, 1.0],
                [-1.0, 0.0, -0.0, -0.221311, -0.0, -0.0, 1.0, -0.676669, -0.0, 1.0, 0.0, 0.564001, 0.0, 0.0, 0.0, 1.0],
                [-1.0, 0.0, -0.0, -0.25331, -0.0, -0.0, 1.0, -0.665051, -0.0, 1.0, 0.0, 0.564001, 0.0, 0.0, 0.0, 1.0],
                [-1.0, 0.0, -0.0, -0.281268, -0.0, -0.0, 1.0, -0.6589, -0.0, 1.0, 0.0, 0.564001, 0.0, 0.0, 0.0, 1.0],
                [-1.0, 0.0, -0.0, -0.303326, -0.0, -0.0, 1.0, -0.661906, -0.0, 1.0, 0.0, 0.564001, 0.0, 0.0, 0.0, 1.0],
                [-1.0, 0.0, -0.0, -0.321494, -0.0, -0.0, 1.0, -0.667492, -0.0, 1.0, 0.0, 0.564001, 0.0, 0.0, 0.0, 1.0],
                [-1.0, 0.0, -0.0, -0.33772, -0.0, -0.0, 1.0, -0.673295, -0.0, 1.0, 0.0, 0.564001, 0.0, 0.0, 0.0, 1.0],
                [-1.0, 0.0, -0.0, -0.350848, -0.0, -0.0, 1.0, -0.676518, -0.0, 1.0, 0.0, 0.564001, 0.0, 0.0, 0.0, 1.0],
                [-1.0, 0.0, -0.0, -0.361873, -0.0, -0.0, 1.0, -0.675834, -0.0, 1.0, 0.0, 0.564001, 0.0, 0.0, 0.0, 1.0],
                [-1.0, 0.0, -0.0, -0.369918, -0.0, -0.0, 1.0, -0.673276, -0.0, 1.0, 0.0, 0.564001, 0.0, 0.0, 0.0, 1.0],
                [-1.0, 0.0, -0.0, -0.376826, -0.0, -0.0, 1.0, -0.670068, -0.0, 1.0, 0.0, 0.564001, 0.0, 0.0, 0.0, 1.0],
                [-1.0, 0.0, -0.0, -0.38187, -0.0, -0.0, 1.0, -0.665699, -0.0, 1.0, 0.0, 0.564001, 0.0, 0.0, 0.0, 1.0],
                [-1.0, 0.0, -0.0, -0.383414, -0.0, -0.0, 1.0, -0.658933, -0.0, 1.0, 0.0, 0.564001, 0.0, 0.0, 0.0, 1.0],
                [-1.0, 0.0, -0.0, -0.382099, -0.0, -0.0, 1.0, -0.649959, -0.0, 1.0, 0.0, 0.564001, 0.0, 0.0, 0.0, 1.0],
                [-1.0, 0.0, -0.0, -0.378705, -0.0, -0.0, 1.0, -0.637069, -0.0, 1.0, 0.0, 0.564001, 0.0, 0.0, 0.0, 1.0],
                [-1.0, 0.0, -0.0, -0.374448, -0.0, -0.0, 1.0, -0.621235, -0.0, 1.0, 0.0, 0.564001, 0.0, 0.0, 0.0, 1.0],
                [-1.0, 0.0, -0.0, -0.369213, -0.0, -0.0, 1.0, -0.600761, -0.0, 1.0, 0.0, 0.564001, 0.0, 0.0, 0.0, 1.0],
                [-1.0, 0.0, -0.0, -0.36463, -0.0, -0.0, 1.0, -0.577, -0.0, 1.0, 0.0, 0.564001, 0.0, 0.0, 0.0, 1.0],
                [-1.0, 0.0, -0.0, -0.35978, -0.0, -0.0, 1.0, -0.549906, -0.0, 1.0, 0.0, 0.564001, 0.0, 0.0, 0.0, 1.0],
                [-1.0, 0.0, -0.0, -0.352142, -0.0, -0.0, 1.0, -0.520424, -0.0, 1.0, 0.0, 0.564001, 0.0, 0.0, 0.0, 1.0],
                [-1.0, 0.0, -0.0, -0.341856, -0.0, -0.0, 1.0, -0.489183, -0.0, 1.0, 0.0, 0.564001, 0.0, 0.0, 0.0, 1.0],
                [-1.0, 0.0, -0.0, -0.328847, -0.0, -0.0, 1.0, -0.455449, -0.0, 1.0, 0.0, 0.564001, 0.0, 0.0, 0.0, 1.0],
                [-1.0, 0.0, -0.0, -0.313929, -0.0, -0.0, 1.0, -0.421064, -0.0, 1.0, 0.0, 0.564001, 0.0, 0.0, 0.0, 1.0],
                [-1.0, 0.0, -0.0, -0.297431, -0.0, -0.0, 1.0, -0.387824, -0.0, 1.0, 0.0, 0.564001, 0.0, 0.0, 0.0, 1.0],
                [-1.0, 0.0, -0.0, -0.27831, -0.0, -0.0, 1.0, -0.351057, -0.0, 1.0, 0.0, 0.564001, 0.0, 0.0, 0.0, 1.0],
                [-1.0, 0.0, -0.0, -0.256617, -0.0, -0.0, 1.0, -0.305891, -0.0, 1.0, 0.0, 0.564001, 0.0, 0.0, 0.0, 1.0],
                [-1.0, 0.0, -0.0, -0.233469, -0.0, -0.0, 1.0, -0.235249, -0.0, 1.0, 0.0, 0.564001, 0.0, 0.0, 0.0, 1.0],
                [-1.0, 0.0, -0.0, -0.209493, -0.0, -0.0, 1.0, -0.128567, -0.0, 1.0, 0.0, 0.564001, 0.0, 0.0, 0.0, 1.0],
                [-1.0, 0.0, -0.0, -0.184805, -0.0, -0.0, 1.0, 0.003523, -0.0, 1.0, 0.0, 0.564001, 0.0, 0.0, 0.0, 1.0],
                [-1.0, 0.0, -0.0, -0.15965, -0.0, -0.0, 1.0, 0.143871, -0.0, 1.0, 0.0, 0.564001, 0.0, 0.0, 0.0, 1.0],
                [-1.0, 0.0, -0.0, -0.134412, -0.0, -0.0, 1.0, 0.29047, -0.0, 1.0, 0.0, 0.564001, 0.0, 0.0, 0.0, 1.0],
                [-1.0, 0.0, -0.0, -0.109284, -0.0, -0.0, 1.0, 0.443292, -0.0, 1.0, 0.0, 0.564001, 0.0, 0.0, 0.0, 1.0],
                [-1.0, 0.0, -0.0, -0.084469, -0.0, -0.0, 1.0, 0.597343, -0.0, 1.0, 0.0, 0.564001, 0.0, 0.0, 0.0, 1.0],
                [-1.0, 0.0, -0.0, -0.060341, -0.0, -0.0, 1.0, 0.745012, -0.0, 1.0, 0.0, 0.564001, 0.0, 0.0, 0.0, 1.0],
                [-1.0, 0.0, -0.0, -0.03715, -0.0, -0.0, 1.0, 0.880847, -0.0, 1.0, 0.0, 0.564001, 0.0, 0.0, 0.0, 1.0],
                [-1.0, 0.0, -0.0, -0.015136, -0.0, -0.0, 1.0, 0.998896, -0.0, 1.0, 0.0, 0.564001, 0.0, 0.0, 0.0, 1.0],
                [-1.0, 0.0, -0.0, 0.005925, -0.0, -0.0, 1.0, 1.100295, -0.0, 1.0, 0.0, 0.564002, 0.0, 0.0, 0.0, 1.0],
                [-1.0, 0.0, -0.0, 0.026129, -0.0, -0.0, 1.0, 1.166724, -0.0, 1.0, 0.0, 0.564002, 0.0, 0.0, 0.0, 1.0],
                [-1.0, 0.0, -0.0, 0.044744, -0.0, -0.0, 1.0, 1.22621, -0.0, 1.0, 0.0, 0.564002, 0.0, 0.0, 0.0, 1.0],
                [-1.0, 0.0, -0.0, 0.061515, -0.0, -0.0, 1.0, 1.279725, -0.0, 1.0, 0.0, 0.564002, 0.0, 0.0, 0.0, 1.0],
                [-1.0, 0.0, -0.0, 0.075425, -0.0, -0.0, 1.0, 1.325761, -0.0, 1.0, 0.0, 0.564002, 0.0, 0.0, 0.0, 1.0],
                [-1.0, 0.0, -0.0, 0.085963, -0.0, -0.0, 1.0, 1.360296, -0.0, 1.0, 0.0, 0.564002, 0.0, 0.0, 0.0, 1.0],
                [-1.0, 0.0, -0.0, 0.091697, -0.0, -0.0, 1.0, 1.380188, -0.0, 1.0, 0.0, 0.564002, 0.0, 0.0, 0.0, 1.0],
                [-1.0, 0.0, -0.0, 0.09118, -0.0, -0.0, 1.0, 1.393801, -0.0, 1.0, 0.0, 0.564002, 0.0, 0.0, 0.0, 1.0],
                [-1.0, 0.0, -0.0, 0.089789, -0.0, -0.0, 1.0, 1.405119, -0.0, 1.0, 0.0, 0.564002, 0.0, 0.0, 0.0, 1.0],
                [-1.0, 0.0, -0.0, 0.08785, -0.0, -0.0, 1.0, 1.414667, -0.0, 1.0, 0.0, 0.564002, 0.0, 0.0, 0.0, 1.0],
                [-1.0, 0.0, -0.0, 0.085728, -0.0, -0.0, 1.0, 1.423126, -0.0, 1.0, 0.0, 0.564002, 0.0, 0.0, 0.0, 1.0],
                [-1.0, 0.0, -0.0, 0.083733, -0.0, -0.0, 1.0, 1.431146, -0.0, 1.0, 0.0, 0.564002, 0.0, 0.0, 0.0, 1.0],
                [-1.0, 0.0, -0.0, 0.082075, -0.0, -0.0, 1.0, 1.439229, -0.0, 1.0, 0.0, 0.564002, 0.0, 0.0, 0.0, 1.0],
                [-1.0, 0.0, -0.0, 0.080658, -0.0, -0.0, 1.0, 1.447333, -0.0, 1.0, 0.0, 0.564002, 0.0, 0.0, 0.0, 1.0],
                [-1.0, 0.0, -0.0, 0.079303, -0.0, -0.0, 1.0, 1.45503, -0.0, 1.0, 0.0, 0.564002, 0.0, 0.0, 0.0, 1.0],
                [-1.0, 0.0, -0.0, 0.078015, -0.0, -0.0, 1.0, 1.462094, -0.0, 1.0, 0.0, 0.564002, 0.0, 0.0, 0.0, 1.0],
                [-1.0, 0.0, -0.0, 0.076781, -0.0, -0.0, 1.0, 1.468392, -0.0, 1.0, 0.0, 0.564002, 0.0, 0.0, 0.0, 1.0],
                [-1.0, 0.0, -0.0, 0.075577, -0.0, -0.0, 1.0, 1.47398, -0.0, 1.0, 0.0, 0.564002, 0.0, 0.0, 0.0, 1.0],
                [-1.0, 0.0, -0.0, 0.074379, -0.0, -0.0, 1.0, 1.479047, -0.0, 1.0, 0.0, 0.564002, 0.0, 0.0, 0.0, 1.0],
                [-1.0, 0.0, -0.0, 0.073207, -0.0, -0.0, 1.0, 1.483922, -0.0, 1.0, 0.0, 0.564002, 0.0, 0.0, 0.0, 1.0],
                [-1.0, 0.0, -0.0, 0.072092, -0.0, -0.0, 1.0, 1.488459, -0.0, 1.0, 0.0, 0.564002, 0.0, 0.0, 0.0, 1.0],
                [-1.0, 0.0, -0.0, 0.071009, -0.0, -0.0, 1.0, 1.491976, -0.0, 1.0, 0.0, 0.564002, 0.0, 0.0, 0.0, 1.0],
                [-1.0, 0.0, -0.0, 0.069914, -0.0, -0.0, 1.0, 1.491451, -0.0, 1.0, 0.0, 0.564002, 0.0, 0.0, 0.0, 1.0],
                [-1.0, 0.0, -0.0, 0.068775, -0.0, -0.0, 1.0, 1.490925, -0.0, 1.0, 0.0, 0.564002, 0.0, 0.0, 0.0, 1.0],
                [-1.0, 0.0, -0.0, 0.067604, -0.0, -0.0, 1.0, 1.4904, -0.0, 1.0, 0.0, 0.564002, 0.0, 0.0, 0.0, 1.0],
                [-1.0, 0.0, -0.0, 0.066415, -0.0, -0.0, 1.0, 1.489874, -0.0, 1.0, 0.0, 0.564002, 0.0, 0.0, 0.0, 1.0],
                [-1.0, 0.0, -0.0, 0.065208, -0.0, -0.0, 1.0, 1.489349, -0.0, 1.0, 0.0, 0.564002, 0.0, 0.0, 0.0, 1.0],
                [-1.0, 0.0, -0.0, 0.063987, -0.0, -0.0, 1.0, 1.488823, -0.0, 1.0, 0.0, 0.564002, 0.0, 0.0, 0.0, 1.0],
                [-1.0, 0.0, -0.0, 0.062761, -0.0, -0.0, 1.0, 1.487491, -0.0, 1.0, 0.0, 0.564002, 0.0, 0.0, 0.0, 1.0],
                [-1.0, 0.0, -0.0, 0.061537, -0.0, -0.0, 1.0, 1.486158, -0.0, 1.0, 0.0, 0.564002, 0.0, 0.0, 0.0, 1.0],
                [-1.0, 0.0, -0.0, 0.060319, -0.0, -0.0, 1.0, 1.484825, -0.0, 1.0, 0.0, 0.564002, 0.0, 0.0, 0.0, 1.0],
                [-1.0, 0.0, -0.0, 0.059104, -0.0, -0.0, 1.0, 1.481409, -0.0, 1.0, 0.0, 0.564002, 0.0, 0.0, 0.0, 1.0],
                [-1.0, 0.0, -0.0, 0.057878, -0.0, -0.0, 1.0, 1.477054, -0.0, 1.0, 0.0, 0.564002, 0.0, 0.0, 0.0, 1.0],
                [-1.0, 0.0, -0.0, 0.056626, -0.0, -0.0, 1.0, 1.471521, -0.0, 1.0, 0.0, 0.564002, 0.0, 0.0, 0.0, 1.0],
                [-1.0, 0.0, -0.0, 0.055345, -0.0, -0.0, 1.0, 1.464972, -0.0, 1.0, 0.0, 0.564002, 0.0, 0.0, 0.0, 1.0],
                [-1.0, 0.0, -0.0, 0.054159, -0.0, -0.0, 1.0, 1.457888, -0.0, 1.0, 0.0, 0.564002, 0.0, 0.0, 0.0, 1.0],
                [-1.0, 0.0, -0.0, 0.053154, -0.0, -0.0, 1.0, 1.450377, -0.0, 1.0, 0.0, 0.564002, 0.0, 0.0, 0.0, 1.0],
                [-1.0, 0.0, -0.0, 0.052216, -0.0, -0.0, 1.0, 1.442158, -0.0, 1.0, 0.0, 0.564002, 0.0, 0.0, 0.0, 1.0],
                [-1.0, 0.0, -0.0, 0.051165, -0.0, -0.0, 1.0, 1.432976, -0.0, 1.0, 0.0, 0.564002, 0.0, 0.0, 0.0, 1.0],
                [-1.0, 0.0, -0.0, 0.049815, -0.0, -0.0, 1.0, 1.422736, -0.0, 1.0, 0.0, 0.564002, 0.0, 0.0, 0.0, 1.0],
                [-1.0, 0.0, -0.0, 0.048061, -0.0, -0.0, 1.0, 1.411543, -0.0, 1.0, 0.0, 0.564002, 0.0, 0.0, 0.0, 1.0],
                [-1.0, 0.0, -0.0, 0.04589, -0.0, -0.0, 1.0, 1.399612, -0.0, 1.0, 0.0, 0.564002, 0.0, 0.0, 0.0, 1.0],
                [-1.0, 0.0, -0.0, 0.043734, -0.0, -0.0, 1.0, 1.387187, -0.0, 1.0, 0.0, 0.564002, 0.0, 0.0, 0.0, 1.0],
                [-1.0, 0.0, -0.0, 0.040858, -0.0, -0.0, 1.0, 1.372616, -0.0, 1.0, 0.0, 0.564002, 0.0, 0.0, 0.0, 1.0],
                [-1.0, 0.0, -0.0, 0.035737, -0.0, -0.0, 1.0, 1.354278, -0.0, 1.0, 0.0, 0.564002, 0.0, 0.0, 0.0, 1.0],
                [-1.0, 0.0, -0.0, 0.02743, -0.0, -0.0, 1.0, 1.332462, -0.0, 1.0, 0.0, 0.564002, 0.0, 0.0, 0.0, 1.0],
                [-1.0, 0.0, -0.0, 0.017517, -0.0, -0.0, 1.0, 1.304665, -0.0, 1.0, 0.0, 0.564002, 0.0, 0.0, 0.0, 1.0],
                [-1.0, 0.0, -0.0, 0.008706, -0.0, -0.0, 1.0, 1.271895, -0.0, 1.0, 0.0, 0.564002, 0.0, 0.0, 0.0, 1.0],
                [-1.0, 0.0, -0.0, -0.000223, -0.0, -0.0, 1.0, 1.233588, -0.0, 1.0, 0.0, 0.564002, 0.0, 0.0, 0.0, 1.0],
                [-1.0, 0.0, -0.0, -0.009387, -0.0, -0.0, 1.0, 1.19208, -0.0, 1.0, 0.0, 0.564002, 0.0, 0.0, 0.0, 1.0],
                [-1.0, 0.0, -0.0, -0.01925, -0.0, -0.0, 1.0, 1.146164, -0.0, 1.0, 0.0, 0.564002, 0.0, 0.0, 0.0, 1.0],
                [-1.0, 0.0, -0.0, -0.030355, -0.0, -0.0, 1.0, 1.097891, -0.0, 1.0, 0.0, 0.564002, 0.0, 0.0, 0.0, 1.0],
                [-1.0, 0.0, -0.0, -0.042193, -0.0, -0.0, 1.0, 1.04695, -0.0, 1.0, 0.0, 0.564002, 0.0, 0.0, 0.0, 1.0],
                [-1.0, 0.0, -0.0, -0.053029, -0.0, -0.0, 1.0, 0.994382, -0.0, 1.0, 0.0, 0.564001, 0.0, 0.0, 0.0, 1.0],
                [-1.0, 0.0, -0.0, -0.064632, -0.0, -0.0, 1.0, 0.94061, -0.0, 1.0, 0.0, 0.564001, 0.0, 0.0, 0.0, 1.0],
                [-1.0, 0.0, -0.0, -0.075531, -0.0, -0.0, 1.0, 0.885111, -0.0, 1.0, 0.0, 0.564001, 0.0, 0.0, 0.0, 1.0],
                [-1.0, 0.0, -0.0, -0.079462, -0.0, -0.0, 1.0, 0.829529, -0.0, 1.0, 0.0, 0.564001, 0.0, 0.0, 0.0, 1.0],
                [-1.0, 0.0, -0.0, -0.079387, -0.0, -0.0, 1.0, 0.773787, -0.0, 1.0, 0.0, 0.564001, 0.0, 0.0, 0.0, 1.0],
                [-1.0, 0.0, -0.0, -0.078866, -0.0, -0.0, 1.0, 0.718869, -0.0, 1.0, 0.0, 0.564001, 0.0, 0.0, 0.0, 1.0],
                [-1.0, 0.0, -0.0, -0.076213, -0.0, -0.0, 1.0, 0.664678, -0.0, 1.0, 0.0, 0.564001, 0.0, 0.0, 0.0, 1.0],
                [-1.0, 0.0, -0.0, -0.070338, -0.0, -0.0, 1.0, 0.611601, -0.0, 1.0, 0.0, 0.564001, 0.0, 0.0, 0.0, 1.0],
                [-1.0, 0.0, -0.0, -0.064389, -0.0, -0.0, 1.0, 0.56244, -0.0, 1.0, 0.0, 0.564001, 0.0, 0.0, 0.0, 1.0],
                [-1.0, 0.0, -0.0, -0.059228, -0.0, -0.0, 1.0, 0.515748, -0.0, 1.0, 0.0, 0.564001, 0.0, 0.0, 0.0, 1.0],
                [-1.0, 0.0, -0.0, -0.053902, -0.0, -0.0, 1.0, 0.470666, -0.0, 1.0, 0.0, 0.564001, 0.0, 0.0, 0.0, 1.0],
                [-1.0, 0.0, -0.0, -0.048475, -0.0, -0.0, 1.0, 0.428228, -0.0, 1.0, 0.0, 0.564001, 0.0, 0.0, 0.0, 1.0],
                [-1.0, 0.0, -0.0, -0.043064, -0.0, -0.0, 1.0, 0.388747, -0.0, 1.0, 0.0, 0.564001, 0.0, 0.0, 0.0, 1.0],
                [-1.0, 0.0, -0.0, -0.03776, -0.0, -0.0, 1.0, 0.351584, -0.0, 1.0, 0.0, 0.564001, 0.0, 0.0, 0.0, 1.0],
                [-1.0, 0.0, -0.0, -0.032605, -0.0, -0.0, 1.0, 0.31698, -0.0, 1.0, 0.0, 0.564001, 0.0, 0.0, 0.0, 1.0],
                [-1.0, 0.0, -0.0, -0.027524, -0.0, -0.0, 1.0, 0.286898, -0.0, 1.0, 0.0, 0.564001, 0.0, 0.0, 0.0, 1.0],
                [-1.0, 0.0, -0.0, -0.022302, -0.0, -0.0, 1.0, 0.260248, -0.0, 1.0, 0.0, 0.564001, 0.0, 0.0, 0.0, 1.0],
                [-1.0, 0.0, -0.0, -0.016838, -0.0, -0.0, 1.0, 0.235493, -0.0, 1.0, 0.0, 0.564001, 0.0, 0.0, 0.0, 1.0],
                [-1.0, 0.0, -0.0, -0.011228, -0.0, -0.0, 1.0, 0.214221, -0.0, 1.0, 0.0, 0.564001, 0.0, 0.0, 0.0, 1.0],
                [-1.0, 0.0, -0.0, -0.005797, -0.0, -0.0, 1.0, 0.196159, -0.0, 1.0, 0.0, 0.564001, 0.0, 0.0, 0.0, 1.0],
                [-1.0, 0.0, -0.0, -0.000471, -0.0, -0.0, 1.0, 0.18008, -0.0, 1.0, 0.0, 0.564001, 0.0, 0.0, 0.0, 1.0],
                [-1.0, 0.0, -0.0, 0.004701, -0.0, -0.0, 1.0, 0.167233, -0.0, 1.0, 0.0, 0.564001, 0.0, 0.0, 0.0, 1.0],
                [-1.0, 0.0, -0.0, 0.009399, -0.0, -0.0, 1.0, 0.157344, -0.0, 1.0, 0.0, 0.564001, 0.0, 0.0, 0.0, 1.0],
                [-1.0, 0.0, -0.0, 0.013851, -0.0, -0.0, 1.0, 0.148889, -0.0, 1.0, 0.0, 0.564001, 0.0, 0.0, 0.0, 1.0],
                [-1.0, 0.0, -0.0, 0.017858, -0.0, -0.0, 1.0, 0.143364, -0.0, 1.0, 0.0, 0.564001, 0.0, 0.0, 0.0, 1.0],
                [-1.0, 0.0, -0.0, 0.020969, -0.0, -0.0, 1.0, 0.141831, -0.0, 1.0, 0.0, 0.564001, 0.0, 0.0, 0.0, 1.0],
                [-1.0, 0.0, -0.0, 0.023506, -0.0, -0.0, 1.0, 0.143021, -0.0, 1.0, 0.0, 0.564001, 0.0, 0.0, 0.0, 1.0],
                [-1.0, 0.0, -0.0, 0.025176, -0.0, -0.0, 1.0, 0.146604, -0.0, 1.0, 0.0, 0.564001, 0.0, 0.0, 0.0, 1.0],
                [-1.0, 0.0, -0.0, 0.025642, -0.0, -0.0, 1.0, 0.150992, -0.0, 1.0, 0.0, 0.564001, 0.0, 0.0, 0.0, 1.0],
                [-1.0, 0.0, -0.0, 0.025077, -0.0, -0.0, 1.0, 0.155737, -0.0, 1.0, 0.0, 0.564001, 0.0, 0.0, 0.0, 1.0],
                [-1.0, 0.0, -0.0, 0.02328, -0.0, -0.0, 1.0, 0.161474, -0.0, 1.0, 0.0, 0.564001, 0.0, 0.0, 0.0, 1.0],
                [-1.0, 0.0, -0.0, 0.020423, -0.0, -0.0, 1.0, 0.167585, -0.0, 1.0, 0.0, 0.564001, 0.0, 0.0, 0.0, 1.0],
                [-1.0, 0.0, -0.0, 0.017125, -0.0, -0.0, 1.0, 0.173139, -0.0, 1.0, 0.0, 0.564001, 0.0, 0.0, 0.0, 1.0],
                [-1.0, 0.0, -0.0, 0.014007, -0.0, -0.0, 1.0, 0.17757, -0.0, 1.0, 0.0, 0.564001, 0.0, 0.0, 0.0, 1.0],
                [-1.0, 0.0, -0.0, 0.01021, -0.0, -0.0, 1.0, 0.181326, -0.0, 1.0, 0.0, 0.564001, 0.0, 0.0, 0.0, 1.0],
                [-1.0, 0.0, -0.0, 0.005331, -0.0, -0.0, 1.0, 0.184492, -0.0, 1.0, 0.0, 0.564001, 0.0, 0.0, 0.0, 1.0],
                [-1.0, 0.0, -0.0, 0.001419, -0.0, -0.0, 1.0, 0.186387, -0.0, 1.0, 0.0, 0.564001, 0.0, 0.0, 0.0, 1.0],
                [-1.0, 0.0, -0.0, 6e-05, -0.0, -0.0, 1.0, 0.186931, -0.0, 1.0, 0.0, 0.564001, 0.0, 0.0, 0.0, 1.0],
                [-1.0, 0.0, -0.0, 6e-05, -0.0, -0.0, 1.0, 0.186931, -0.0, 1.0, 0.0, 0.564001, 0.0, 0.0, 0.0, 1.0]
            ]
        },
        {
            "name": "Thigh_R",
            "time": [0.0, 0.0417, 0.0833, 0.125, 0.1667, 0.2083, 0.25, 0.2917, 0.3333, 0.375, 0.4167, 0.4583, 0.5, 0.5417, 0.5833, 0.625, 0.6667, 0.7083, 0.75, 0.7917, 0.8333, 0.875, 0.9167, 0.9583, 1.0, 1.0417, 1.0833, 1.125, 1.1667, 1.2083, 1.25, 1.2917, 1.3333, 1.375, 1.4167, 1.4583, 1.5, 1.5417, 1.5833, 1.625, 1.6667, 1.7083, 1.75, 1.7917, 1.8333, 1.875, 1.9167, 1.9583, 2.0, 2.0417, 2.0833, 2.125, 2.1667, 2.2083, 2.25, 2.2917, 2.3333, 2.375, 2.4167, 2.4583, 2.5, 2.5417, 2.5833, 2.625, 2.6667, 2.7083, 2.75, 2.7917, 2.8333, 2.875, 2.9167, 2.9583, 3.0, 3.0417, 3.0833, 3.125, 3.1667, 3.2083, 3.25, 3.2917, 3.3333, 3.375, 3.4167, 3.4583, 3.5, 3.5417, 3.5833, 3.625, 3.6667, 3.7083, 3.75, 3.7917, 3.8333, 3.875, 3.9167, 3.9583, 4.0, 4.0417, 4.0833, 4.125, 4.1667, 4.2083, 4.25, 4.2917, 4.3333, 4.375, 4.4167, 4.4583, 4.5, 4.5417, 4.5833, 4.625, 4.6667, 4.7083, 4.75, 4.7917, 4.8333, 4.875, 4.9167, 4.9583, 5.0, 5.0417, 5.0833, 5.125, 5.1667, 5.2083, 5.25, 5.2917, 5.3333, 5.375, 5.4167, 5.4583, 5.5, 5.5417, 5.5833, 5.625, 5.6667, 5.7083, 5.75, 5.7917, 5.8333, 5.875, 5.9167, 5.9583],
            "transform": [
                [-0.879126, -0.116116, 0.462235, 0.096352, 0.416929, -0.65725, 0.627851, 0.058238, 0.2309, 0.744676, 0.626216, 0.033027, 0.0, 0.0, 0.0, 1.0],
                [-0.892485, -0.113171, 0.436656, 0.096352, 0.399246, -0.648731, 0.647885, 0.058238, 0.20995, 0.752558, 0.624165, 0.033027, 0.0, 0.0, 0.0, 1.0],
                [-0.908511, -0.138341, 0.394303, 0.096352, 0.38608, -0.638882, 0.665414, 0.058238, 0.159859, 0.756765, 0.633841, 0.033027, 0.0, 0.0, 0.0, 1.0],
                [-0.92031, -0.150868, 0.360936, 0.096352, 0.372146, -0.622065, 0.688873, 0.058239, 0.120596, 0.768295, 0.628636, 0.033027, 0.0, 0.0, 0.0, 1.0],
                [-0.9295, -0.164269, 0.330228, 0.096352, 0.360121, -0.597603, 0.716371, 0.058239, 0.079668, 0.784786, 0.614628, 0.033027, 0.0, 0.0, 0.0, 1.0],
                [-0.934387, -0.179412, 0.307795, 0.096351, 0.353656, -0.571517, 0.740472, 0.058238, 0.043061, 0.800738, 0.597467, 0.033027, 0.0, 0.0, 0.0, 1.0],
                [-0.937678, -0.19507, 0.287599, 0.096351, 0.347344, -0.551917, 0.758118, 0.058238, 0.010844, 0.810763, 0.585276, 0.033027, 0.0, 0.0, 0.0, 1.0],
                [-0.939744, -0.209574, 0.270121, 0.096352, 0.341463, -0.535989, 0.772089, 0.058238, -0.017028, 0.817799, 0.575253, 0.033027, 0.0, 0.0, 0.0, 1.0],
                [-0.939037, -0.223003, 0.261696, 0.096352, 0.341974, -0.526917, 0.778085, 0.058238, -0.035624, 0.82014, 0.571054, 0.033027, 0.0, 0.0, 0.0, 1.0],
                [-0.932804, -0.228744, 0.278494, 0.096351, 0.359032, -0.522732, 0.773209, 0.058238, -0.031289, 0.821237, 0.569732, 0.033027, 0.0, 0.0, 0.0, 1.0],
                [-0.920048, -0.230177, 0.317075, 0.096352, 0.391694, -0.520295, 0.758863, 0.058238, -0.0097, 0.822383, 0.568854, 0.033027, 0.0, 0.0, 0.0, 1.0],
                [-0.902229, -0.235027, 0.361596, 0.096352, 0.430813, -0.529563, 0.73073, 0.058239, 0.019746, 0.815062, 0.579039, 0.033027, 0.0, 0.0, 0.0, 1.0],
                [-0.872993, -0.228612, 0.430842, 0.096351, 0.481649, -0.543223, 0.687696, 0.058238, 0.076828, 0.807866, 0.58434, 0.033027, 0.0, 0.0, 0.0, 1.0],
                [-0.81934, -0.223353, 0.528016, 0.096352, 0.549169, -0.570214, 0.61096, 0.058238, 0.164622, 0.790551, 0.589857, 0.033027, 0.0, 0.0, 0.0, 1.0],
                [-0.759183, -0.201529, 0.618897, 0.096352, 0.599063, -0.588144, 0.543337, 0.058238, 0.254502, 0.783247, 0.567236, 0.033027, 0.0, 0.0, 0.0, 1.0],
                [-0.717333, -0.200164, 0.667363, 0.096351, 0.613167, -0.636211, 0.468258, 0.058238, 0.330855, 0.745098, 0.579109, 0.033027, 0.0, 0.0, 0.0, 1.0],
                [-0.662319, -0.215302, 0.717623, 0.096351, 0.624674, -0.687527, 0.37026, 0.058239, 0.413667, 0.693508, 0.589855, 0.033027, 0.0, 0.0, 0.0, 1.0],
                [-0.60568, -0.234819, 0.760274, 0.096352, 0.625392, -0.731232, 0.272375, 0.058238, 0.491978, 0.640438, 0.589745, 0.033027, 0.0, 0.0, 0.0, 1.0],
                [-0.570802, -0.208699, 0.794125, 0.096351, 0.6078, -0.757663, 0.237758, 0.058239, 0.552059, 0.61838, 0.559322, 0.033027, 0.0, 0.0, 0.0, 1.0],
                [-0.557561, -0.167604, 0.813043, 0.096351, 0.582501, -0.7768, 0.239328, 0.058239, 0.591459, 0.607036, 0.530742, 0.033027, 0.0, 0.0, 0.0, 1.0],
                [-0.539376, -0.144276, 0.829616, 0.096352, 0.573399, -0.784438, 0.236376, 0.058239, 0.616679, 0.603194, 0.505833, 0.033027, 0.0, 0.0, 0.0, 1.0],
                [-0.525468, -0.143083, 0.838699, 0.096351, 0.569506, -0.791505, 0.221779, 0.058239, 0.632101, 0.594179, 0.497397, 0.033027, 0.0, 0.0, 0.0, 1.0],
                [-0.518627, -0.148214, 0.842059, 0.096351, 0.567078, -0.796699, 0.209036, 0.058239, 0.639886, 0.585923, 0.497238, 0.033027, 0.0, 0.0, 0.0, 1.0],
                [-0.516044, -0.163129, 0.840887, 0.096351, 0.566484, -0.801352, 0.192185, 0.058238, 0.642495, 0.575523, 0.505942, 0.033027, 0.0, 0.0, 0.0, 1.0],
                [-0.522847, -0.180568, 0.833086, 0.096352, 0.56469, -0.805478, 0.179816, 0.058238, 0.638563, 0.564449, 0.523105, 0.033027, 0.0, 0.0, 0.0, 1.0],
                [-0.537625, -0.202215, 0.81858, 0.096352, 0.563845, -0.808048, 0.170706, 0.058239, 0.626933, 0.553326, 0.548444, 0.033027, 0.0, 0.0, 0.0, 1.0],
                [-0.560268, -0.224566, 0.797292, 0.096352, 0.56212, -0.810052, 0.166849, 0.058238, 0.60838, 0.541652, 0.580078, 0.033027, 0.0, 0.0, 0.0, 1.0],
                [-0.59046, -0.246345, 0.768554, 0.096351, 0.558822, -0.811865, 0.169101, 0.058239, 0.582305, 0.52933, 0.617036, 0.033027, 0.0, 0.0, 0.0, 1.0],
                [-0.627681, -0.266668, 0.731375, 0.096352, 0.553111, -0.813886, 0.177938, 0.058239, 0.547805, 0.516218, 0.658356, 0.033027, 0.0, 0.0, 0.0, 1.0],
                [-0.68482, -0.273267, 0.675537, 0.096352, 0.541478, -0.811213, 0.220767, 0.058239, 0.487676, 0.516972, 0.703502, 0.033027, 0.0, 0.0, 0.0, 1.0],
                [-0.745451, -0.273758, 0.607754, 0.096352, 0.522925, -0.80559, 0.278529, 0.058238, 0.413351, 0.525438, 0.74368, 0.033027, 0.0, 0.0, 0.0, 1.0],
                [-0.801891, -0.269168, 0.533409, 0.096352, 0.49627, -0.797207, 0.343773, 0.058239, 0.332705, 0.540381, 0.772852, 0.033027, 0.0, 0.0, 0.0, 1.0],
                [-0.848368, -0.260627, 0.460816, 0.096352, 0.463985, -0.785194, 0.410111, 0.058238, 0.254944, 0.561735, 0.787058, 0.033027, 0.0, 0.0, 0.0, 1.0],
                [-0.880861, -0.250201, 0.401857, 0.096352, 0.43215, -0.771528, 0.466898, 0.058238, 0.193226, 0.584933, 0.787732, 0.033027, 0.0, 0.0, 0.0, 1.0],
                [-0.902559, -0.237384, 0.359223, 0.096351, 0.403825, -0.756157, 0.514931, 0.058239, 0.149392, 0.609817, 0.778337, 0.033027, 0.0, 0.0, 0.0, 1.0],
                [-0.91844, -0.224694, 0.325555, 0.096351, 0.37965, -0.731824, 0.565952, 0.058238, 0.111083, 0.643388, 0.75744, 0.033027, 0.0, 0.0, 0.0, 1.0],
                [-0.931193, -0.21286, 0.295933, 0.096352, 0.357425, -0.692687, 0.626446, 0.058238, 0.071643, 0.689114, 0.721105, 0.033027, 0.0, 0.0, 0.0, 1.0],
                [-0.943932, -0.203815, 0.259726, 0.096352, 0.328894, -0.649044, 0.685984, 0.058239, 0.02876, 0.732942, 0.679686, 0.033027, 0.0, 0.0, 0.0, 1.0],
                [-0.954624, -0.196397, 0.223889, 0.096351, 0.297667, -0.604961, 0.738525, 0.058239, -0.0096, 0.771655, 0.63597, 0.033027, 0.0, 0.0, 0.0, 1.0],
                [-0.957991, -0.156845, 0.240119, 0.096352, 0.286761, -0.53864, 0.792236, 0.058238, 0.005079, 0.82781, 0.560989, 0.033027, 0.0, 0.0, 0.0, 1.0],
                [-0.966913, -0.148856, 0.207186, 0.096351, 0.252459, -0.441414, 0.861058, 0.058238, -0.036719, 0.884871, 0.464388, 0.033027, 0.0, 0.0, 0.0, 1.0],
                [-0.97137, -0.151433, 0.183071, 0.096351, 0.223149, -0.317007, 0.9218, 0.058239, -0.081556, 0.936257, 0.341722, 0.033027, 0.0, 0.0, 0.0, 1.0],
                [-0.970623, -0.130994, 0.201832, 0.096352, 0.225834, -0.206487, 0.952033, 0.058238, -0.083035, 0.969642, 0.230004, 0.033027, 0.0, 0.0, 0.0, 1.0],
                [-0.97081, -0.113054, 0.211548, 0.096351, 0.225864, -0.133993, 0.964901, 0.058238, -0.08074, 0.984513, 0.155616, 0.033027, 0.0, 0.0, 0.0, 1.0],
                [-0.97871, -0.102586, 0.177788, 0.096352, 0.191577, -0.145568, 0.970624, 0.058239, -0.073692, 0.984016, 0.162122, 0.033027, 0.0, 0.0, 0.0, 1.0],
                [-0.985525, -0.083451, 0.147588, 0.096352, 0.161421, -0.195564, 0.967317, 0.058238, -0.051861, 0.977135, 0.206203, 0.033027, 0.0, 0.0, 0.0, 1.0],
                [-0.982337, -0.061556, 0.176724, 0.096352, 0.186588, -0.249844, 0.95014, 0.058239, -0.014334, 0.966329, 0.256916, 0.033027, 0.0, 0.0, 0.0, 1.0],
                [-0.974015, -0.03464, 0.223833, 0.096351, 0.224513, -0.278164, 0.933928, 0.058239, 0.029911, 0.95991, 0.278713, 0.033027, 0.0, 0.0, 0.0, 1.0],
                [-0.950383, -0.011424, 0.310883, 0.096352, 0.300584, -0.291271, 0.908193, 0.058239, 0.080176, 0.956574, 0.280252, 0.033027, 0.0, 0.0, 0.0, 1.0],
                [-0.918047, 0.032502, 0.395145, 0.096352, 0.372636, -0.269672, 0.887932, 0.058238, 0.135419, 0.962405, 0.235459, 0.033028, 0.0, 0.0, 0.0, 1.0],
                [-0.863534, 0.096136, 0.495047, 0.096352, 0.466311, -0.221547, 0.856431, 0.058239, 0.19201, 0.9704, 0.146484, 0.033028, 0.0, 0.0, 0.0, 1.0],
                [-0.792281, 0.234573, 0.563269, 0.096352, 0.546881, -0.136388, 0.826029, 0.058238, 0.270586, 0.962485, -0.020226, 0.033028, 0.0, 0.0, 0.0, 1.0],
                [-0.658192, 0.314191, 0.684158, 0.096352, 0.681798, -0.136638, 0.71867, 0.058238, 0.319281, 0.939477, -0.12428, 0.033027, 0.0, 0.0, 0.0, 1.0],
                [-0.531246, 0.34505, 0.773771, 0.096351, 0.773111, -0.176124, 0.609332, 0.058238, 0.34653, 0.921912, -0.173196, 0.033027, 0.0, 0.0, 0.0, 1.0],
                [-0.382566, 0.399916, 0.832895, 0.096351, 0.854878, -0.18874, 0.483286, 0.058238, 0.350474, 0.896909, -0.269674, 0.033027, 0.0, 0.0, 0.0, 1.0],
                [-0.275777, 0.425623, 0.861856, 0.096351, 0.894639, -0.214253, 0.392074, 0.058239, 0.351531, 0.879171, -0.321692, 0.033027, 0.0, 0.0, 0.0, 1.0],
                [-0.223306, 0.430132, 0.874714, 0.096352, 0.903521, -0.2454, 0.351333, 0.058238, 0.365774, 0.868774, -0.333833, 0.033028, 0.0, 0.0, 0.0, 1.0],
                [-0.192634, 0.440398, 0.876895, 0.096351, 0.893646, -0.290397, 0.342159, 0.058238, 0.405334, 0.849541, -0.337619, 0.033027, 0.0, 0.0, 0.0, 1.0],
                [-0.201652, 0.451743, 0.869062, 0.096352, 0.87393, -0.31765, 0.367898, 0.058239, 0.442253, 0.833684, -0.330736, 0.033027, 0.0, 0.0, 0.0, 1.0],
                [-0.255708, 0.452682, 0.854223, 0.096352, 0.848173, -0.318967, 0.422928, 0.058238, 0.46392, 0.832671, -0.302389, 0.033028, 0.0, 0.0, 0.0, 1.0],
                [-0.318331, 0.443908, 0.837624, 0.096351, 0.817021, -0.319649, 0.479902, 0.058239, 0.480778, 0.837121, -0.260927, 0.033027, 0.0, 0.0, 0.0, 1.0],
                [-0.364241, 0.435445, 0.823237, 0.096351, 0.787811, -0.32736, 0.521722, 0.058239, 0.496676, 0.838585, -0.22381, 0.033028, 0.0, 0.0, 0.0, 1.0],
                [-0.383507, 0.433612, 0.815418, 0.096351, 0.768171, -0.340367, 0.542282, 0.058238, 0.512681, 0.834346, -0.202554, 0.033027, 0.0, 0.0, 0.0, 1.0],
                [-0.384631, 0.440312, 0.811288, 0.096352, 0.757946, -0.350998, 0.549839, 0.058238, 0.526861, 0.826394, -0.198727, 0.033028, 0.0, 0.0, 0.0, 1.0],
                [-0.37977, 0.449094, 0.808761, 0.096352, 0.750597, -0.361428, 0.553154, 0.058238, 0.540727, 0.817121, -0.199828, 0.033027, 0.0, 0.0, 0.0, 1.0],
                [-0.375826, 0.456018, 0.806726, 0.096351, 0.745054, -0.36897, 0.555662, 0.058239, 0.551049, 0.809884, -0.201089, 0.033027, 0.0, 0.0, 0.0, 1.0],
                [-0.371515, 0.46295, 0.804771, 0.096351, 0.740846, -0.374618, 0.557506, 0.058238, 0.559579, 0.803331, -0.203798, 0.033027, 0.0, 0.0, 0.0, 1.0],
                [-0.368421, 0.468698, 0.802865, 0.096352, 0.737739, -0.378107, 0.559268, 0.058239, 0.565696, 0.798348, -0.206474, 0.033027, 0.0, 0.0, 0.0, 1.0],
                [-0.370161, 0.470217, 0.801175, 0.096351, 0.735834, -0.378017, 0.561833, 0.058238, 0.567041, 0.797497, -0.206074, 0.033027, 0.0, 0.0, 0.0, 1.0],
                [-0.371346, 0.469532, 0.801028, 0.096351, 0.734207, -0.379613, 0.562884, 0.058239, 0.568373, 0.797142, -0.203766, 0.033028, 0.0, 0.0, 0.0, 1.0],
                [-0.374043, 0.469273, 0.799924, 0.096351, 0.732918, -0.378938, 0.565014, 0.058238, 0.568268, 0.797616, -0.202199, 0.033028, 0.0, 0.0, 0.0, 1.0],
                [-0.377177, 0.470736, 0.79759, 0.096352, 0.732002, -0.376065, 0.568114, 0.058239, 0.567377, 0.798113, -0.202736, 0.033028, 0.0, 0.0, 0.0, 1.0],
                [-0.378985, 0.471072, 0.796533, 0.096352, 0.732057, -0.373929, 0.569451, 0.058238, 0.566099, 0.798918, -0.203138, 0.033028, 0.0, 0.0, 0.0, 1.0],
                [-0.381756, 0.471643, 0.79487, 0.096352, 0.731837, -0.371022, 0.571631, 0.058239, 0.56452, 0.799936, -0.203526, 0.033027, 0.0, 0.0, 0.0, 1.0],
                [-0.386241, 0.472519, 0.792179, 0.096352, 0.731127, -0.366791, 0.575258, 0.058239, 0.562385, 0.801368, -0.203801, 0.033028, 0.0, 0.0, 0.0, 1.0],
                [-0.391059, 0.473938, 0.788961, 0.096351, 0.728966, -0.363817, 0.579871, 0.058239, 0.56186, 0.801886, -0.203211, 0.033027, 0.0, 0.0, 0.0, 1.0],
                [-0.395692, 0.475152, 0.785915, 0.096352, 0.727432, -0.360218, 0.58403, 0.058239, 0.560603, 0.802792, -0.203105, 0.033026, 0.0, 0.0, 0.0, 1.0],
                [-0.399503, 0.476046, 0.783442, 0.096351, 0.725749, -0.357885, 0.587547, 0.058238, 0.560081, 0.803306, -0.202514, 0.033027, 0.0, 0.0, 0.0, 1.0],
                [-0.403263, 0.476244, 0.781392, 0.096352, 0.724913, -0.354869, 0.590401, 0.058238, 0.558467, 0.804525, -0.202129, 0.033028, 0.0, 0.0, 0.0, 1.0],
                [-0.408266, 0.475941, 0.778975, 0.096352, 0.724524, -0.350169, 0.593676, 0.058238, 0.555328, 0.806761, -0.201868, 0.033027, 0.0, 0.0, 0.0, 1.0],
                [-0.414805, 0.4763, 0.775293, 0.096352, 0.722521, -0.345503, 0.598829, 0.058239, 0.553088, 0.808559, -0.20082, 0.033027, 0.0, 0.0, 0.0, 1.0],
                [-0.425103, 0.474307, 0.770924, 0.096351, 0.719719, -0.339376, 0.605667, 0.058238, 0.548905, 0.812317, -0.197098, 0.033027, 0.0, 0.0, 0.0, 1.0],
                [-0.436619, 0.471102, 0.76644, 0.096351, 0.716612, -0.332943, 0.61288, 0.058238, 0.54391, 0.816831, -0.192228, 0.033027, 0.0, 0.0, 0.0, 1.0],
                [-0.44642, 0.468294, 0.762505, 0.096351, 0.713908, -0.327355, 0.619014, 0.058238, 0.53949, 0.820696, -0.188181, 0.033028, 0.0, 0.0, 0.0, 1.0],
                [-0.454366, 0.465402, 0.759576, 0.096351, 0.711734, -0.323118, 0.623726, 0.058238, 0.535716, 0.824013, -0.184428, 0.033027, 0.0, 0.0, 0.0, 1.0],
                [-0.4611, 0.462215, 0.757461, 0.096351, 0.709663, -0.320365, 0.627495, 0.058238, 0.532702, 0.826877, -0.180296, 0.033027, 0.0, 0.0, 0.0, 1.0],
                [-0.46707, 0.460437, 0.754883, 0.096351, 0.708223, -0.316343, 0.631151, 0.058238, 0.529407, 0.829414, -0.178338, 0.033027, 0.0, 0.0, 0.0, 1.0],
                [-0.472904, 0.461385, 0.750659, 0.096352, 0.707019, -0.309713, 0.635772, 0.058239, 0.525824, 0.831387, -0.179743, 0.033027, 0.0, 0.0, 0.0, 1.0],
                [-0.482399, 0.460324, 0.74525, 0.096351, 0.703992, -0.302525, 0.642556, 0.058238, 0.521241, 0.834615, -0.178127, 0.033028, 0.0, 0.0, 0.0, 1.0],
                [-0.496662, 0.458073, 0.737225, 0.096352, 0.700563, -0.289865, 0.65207, 0.058238, 0.512391, 0.840327, -0.176944, 0.033028, 0.0, 0.0, 0.0, 1.0],
                [-0.511991, 0.456372, 0.727732, 0.096352, 0.695609, -0.276783, 0.662966, 0.058239, 0.503983, 0.845646, -0.175746, 0.033027, 0.0, 0.0, 0.0, 1.0],
                [-0.527421, 0.454926, 0.717547, 0.096352, 0.68963, -0.264051, 0.674309, 0.058239, 0.49623, 0.850483, -0.174464, 0.033028, 0.0, 0.0, 0.0, 1.0],
                [-0.542485, 0.452937, 0.707505, 0.096351, 0.683252, -0.252106, 0.685284, 0.058239, 0.488757, 0.855157, -0.172706, 0.033026, 0.0, 0.0, 0.0, 1.0],
                [-0.558728, 0.45051, 0.696325, 0.096352, 0.676478, -0.238166, 0.696892, 0.058239, 0.479798, 0.860418, -0.17169, 0.033027, 0.0, 0.0, 0.0, 1.0],
                [-0.574702, 0.448284, 0.684663, 0.096351, 0.669126, -0.224275, 0.708503, 0.058239, 0.471163, 0.8653, -0.171067, 0.033027, 0.0, 0.0, 0.0, 1.0],
                [-0.589879, 0.446539, 0.672793, 0.096351, 0.661695, -0.21025, 0.719694, 0.058239, 0.462826, 0.869713, -0.17145, 0.033026, 0.0, 0.0, 0.0, 1.0],
                [-0.604112, 0.443284, 0.662233, 0.096351, 0.655036, -0.197058, 0.729452, 0.058238, 0.453852, 0.874454, -0.171322, 0.033026, 0.0, 0.0, 0.0, 1.0],
                [-0.616939, 0.43766, 0.654098, 0.096351, 0.649633, -0.185964, 0.737157, 0.058239, 0.444263, 0.8797, -0.16959, 0.033027, 0.0, 0.0, 0.0, 1.0],
                [-0.625599, 0.431464, 0.649976, 0.096351, 0.647146, -0.178293, 0.741228, 0.058239, 0.435699, 0.884337, -0.16768, 0.033026, 0.0, 0.0, 0.0, 1.0],
                [-0.631532, 0.422737, 0.649973, 0.096351, 0.647011, -0.174613, 0.74222, 0.058239, 0.427258, 0.889272, -0.163242, 0.033027, 0.0, 0.0, 0.0, 1.0],
                [-0.633835, 0.413738, 0.653512, 0.096351, 0.649857, -0.173338, 0.74003, 0.058239, 0.419457, 0.893743, -0.159003, 0.033026, 0.0, 0.0, 0.0, 1.0],
                [-0.641834, 0.399874, 0.654335, 0.096351, 0.649837, -0.169417, 0.740955, 0.058239, 0.407144, 0.900778, -0.151115, 0.033026, 0.0, 0.0, 0.0, 1.0],
                [-0.648618, 0.383417, 0.657489, 0.096351, 0.65143, -0.167096, 0.740083, 0.058239, 0.393624, 0.908335, -0.141388, 0.033026, 0.0, 0.0, 0.0, 1.0],
                [-0.647067, 0.3694, 0.666973, 0.096351, 0.658348, -0.170531, 0.733145, 0.058238, 0.384564, 0.91349, -0.132849, 0.033027, 0.0, 0.0, 0.0, 1.0],
                [-0.646657, 0.35057, 0.677451, 0.096351, 0.664896, -0.176209, 0.725857, 0.058238, 0.373836, 0.919811, -0.119146, 0.033026, 0.0, 0.0, 0.0, 1.0],
                [-0.646292, 0.330454, 0.687831, 0.096351, 0.671357, -0.182261, 0.718377, 0.058238, 0.362755, 0.926058, -0.104059, 0.033026, 0.0, 0.0, 0.0, 1.0],
                [-0.643491, 0.309524, 0.700085, 0.096351, 0.679636, -0.189748, 0.708587, 0.058238, 0.352164, 0.931769, -0.088262, 0.033026, 0.0, 0.0, 0.0, 1.0],
                [-0.640042, 0.287295, 0.71261, 0.096351, 0.688027, -0.198535, 0.698002, 0.058238, 0.34201, 0.937042, -0.070597, 0.033026, 0.0, 0.0, 0.0, 1.0],
                [-0.638266, 0.263922, 0.723164, 0.096351, 0.694477, -0.207912, 0.688825, 0.058238, 0.33215, 0.941871, -0.050585, 0.033026, 0.0, 0.0, 0.0, 1.0],
                [-0.635676, 0.240444, 0.733558, 0.096351, 0.700954, -0.218308, 0.678977, 0.058238, 0.323397, 0.945796, -0.029767, 0.033026, 0.0, 0.0, 0.0, 1.0],
                [-0.631589, 0.213145, 0.745432, 0.096351, 0.708328, -0.232293, 0.666571, 0.058239, 0.315235, 0.949005, -0.004263, 0.033026, 0.0, 0.0, 0.0, 1.0],
                [-0.625015, 0.186133, 0.7581, 0.096352, 0.716167, -0.249675, 0.651745, 0.058239, 0.310589, 0.950273, 0.022748, 0.033026, 0.0, 0.0, 0.0, 1.0],
                [-0.622767, 0.183661, 0.760549, 0.096352, 0.718123, -0.2517, 0.648808, 0.058238, 0.310591, 0.95022, 0.024859, 0.033026, 0.0, 0.0, 0.0, 1.0],
                [-0.634871, 0.203649, 0.745299, 0.096351, 0.70404, -0.244835, 0.666625, 0.058238, 0.318233, 0.947937, 0.012061, 0.033026, 0.0, 0.0, 0.0, 1.0],
                [-0.654822, 0.202148, 0.728251, 0.096351, 0.681535, -0.258563, 0.684588, 0.058239, 0.326687, 0.944607, 0.031541, 0.033026, 0.0, 0.0, 0.0, 1.0],
                [-0.675342, 0.173911, 0.71671, 0.096352, 0.66001, -0.29113, 0.692557, 0.058238, 0.329099, 0.940744, 0.081829, 0.033026, 0.0, 0.0, 0.0, 1.0],
                [-0.695528, 0.153997, 0.701806, 0.096351, 0.639859, -0.311568, 0.702502, 0.058238, 0.326843, 0.937663, 0.118168, 0.033026, 0.0, 0.0, 0.0, 1.0],
                [-0.715045, 0.165795, 0.679137, 0.096352, 0.620771, -0.296179, 0.725897, 0.058238, 0.321496, 0.940634, 0.10886, 0.033026, 0.0, 0.0, 0.0, 1.0],
                [-0.731971, 0.155673, 0.663317, 0.096351, 0.605964, -0.296352, 0.738232, 0.058239, 0.311498, 0.942307, 0.122589, 0.033026, 0.0, 0.0, 0.0, 1.0],
                [-0.747832, 0.137607, 0.649475, 0.096351, 0.592049, -0.304404, 0.746204, 0.058239, 0.300385, 0.942552, 0.146172, 0.033026, 0.0, 0.0, 0.0, 1.0],
                [-0.761598, 0.124028, 0.636074, 0.096352, 0.579388, -0.309385, 0.754052, 0.058239, 0.290315, 0.942814, 0.163766, 0.033026, 0.0, 0.0, 0.0, 1.0],
                [-0.773344, 0.109871, 0.624397, 0.096352, 0.567755, -0.318259, 0.759191, 0.058238, 0.282133, 0.941616, 0.183743, 0.033026, 0.0, 0.0, 0.0, 1.0],
                [-0.787011, 0.094585, 0.609649, 0.096351, 0.55399, -0.326529, 0.765819, 0.058239, 0.271503, 0.940443, 0.204583, 0.033026, 0.0, 0.0, 0.0, 1.0],
                [-0.799364, 0.072987, 0.596403, 0.096351, 0.541847, -0.341395, 0.768021, 0.058238, 0.259664, 0.937083, 0.233351, 0.033026, 0.0, 0.0, 0.0, 1.0],
                [-0.814332, 0.049521, 0.578288, 0.096352, 0.524976, -0.362073, 0.770265, 0.058238, 0.247527, 0.930834, 0.26885, 0.033026, 0.0, 0.0, 0.0, 1.0],
                [-0.829843, 0.025709, 0.557409, 0.096351, 0.506217, -0.385574, 0.771415, 0.058238, 0.234754, 0.92232, 0.306951, 0.033026, 0.0, 0.0, 0.0, 1.0],
                [-0.845965, 0.003813, 0.53323, 0.096351, 0.48527, -0.40902, 0.7728, 0.058239, 0.221048, 0.912519, 0.344165, 0.033026, 0.0, 0.0, 0.0, 1.0],
                [-0.864122, -0.014998, 0.503066, 0.096351, 0.459361, -0.431915, 0.776171, 0.058238, 0.20564, 0.901791, 0.380116, 0.033026, 0.0, 0.0, 0.0, 1.0],
