{
    "animation": [
        {
            "name": "Root",
            "time": [0.0, 0.0417, 0.0833, 0.125, 0.1667, 0.2083, 0.25, 0.2917, 0.3333, 0.375, 0.4167, 0.4583, 0.5, 0.5417, 0.5833, 0.625, 0.6667, 0.7083, 0.75, 0.7917, 0.8333, 0.875, 0.9167, 0.9583, 1.0, 1.0417, 1.0833, 1.125, 1.1667, 1.2083, 1.25, 1.2917, 1.3333, 1.375, 1.4167, 1.4583, 1.5, 1.5417, 1.5833, 1.625, 1.6667, 1.7083, 1.75, 1.7917, 1.8333, 1.875, 1.9167, 1.9583, 2.0, 2.0417, 2.0833, 2.125, 2.1667, 2.2083, 2.25, 2.2917, 2.3333, 2.375, 2.4167, 2.4583, 2.5, 2.5417, 2.5833, 2.625, 2.6667, 2.7083, 2.75, 2.7917, 2.8333, 2.875, 2.9167, 2.9583, 3.0, 3.0417, 3.0833, 3.125, 3.1667, 3.2083, 3.25, 3.2917, 3.3333, 3.375, 3.4167, 3.4583, 3.5, 3.5417, 3.5833, 3.625, 3.6667, 3.7083, 3.75, 3.7917, 3.8333, 3.875, 3.9167, 3.9583, 4.0, 4.0417, 4.0833, 4.125, 4.1667, 4.2083, 4.25, 4.2917, 4.3333, 4.375, 4.4167, 4.4583, 4.5, 4.5417, 4.5833, 4.625, 4.6667, 4.7083, 4.75, 4.7917, 4.8333, 4.875, 4.9167, 4.9583, 5.0, 5.0417, 5.0833, 5.125, 5.1667, 5.2083, 5.25, 5.2917, 5.3333, 5.375, 5.4167, 5.4583, 5.5, 5.5417, 5.5833, 5.625, 5.6667, 5.7083, 5.75, 5.7917, 5.8333, 5.875, 5.9167, 5.9583, 6.0, 6.0417, 6.0833, 6.125, 6.1667, 6.2083, 6.25, 6.2917, 6.3333, 6.375, 6.4167, 6.4583, 6.5, 6.5417, 6.5833, 6.625, 6.6667],
            "transform": [
                [-1.0, 0.0, -0.0, -0.000106, -0.0, -0.0, 1.0, -5e-06, -0.0, 1.0, 0.0, 0.297541, 0.0, 0.0, 0.0, 1.0],
                [-1.0, 0.0, -0.0, -0.0003, -0.0, -0.0, 1.0, -0.028476, -0.0, 1.0, 0.0, 0.297541, 0.0, 0.0, 0.0, 1.0],
                [-1.0, 0.0, -0.0, -0.006167, -0.0, -0.0, 1.0, -0.079263, -0.0, 1.0, 0.0, 0.297541, 0.0, 0.0, 0.0, 1.0],
                [-1.0, 0.0, -0.0, -0.013901, -0.0, -0.0, 1.0, -0.137649, -0.0, 1.0, 0.0, 0.297541, 0.0, 0.0, 0.0, 1.0],
                [-1.0, 0.0, -0.0, -0.023003, -0.0, -0.0, 1.0, -0.194205, -0.0, 1.0, 0.0, 0.297541, 0.0, 0.0, 0.0, 1.0],
                [-1.0, 0.0, -0.0, -0.0322, -0.0, -0.0, 1.0, -0.240359, -0.0, 1.0, 0.0, 0.297541, 0.0, 0.0, 0.0, 1.0],
                [-1.0, 0.0, -0.0, -0.044074, -0.0, -0.0, 1.0, -0.283278, -0.0, 1.0, 0.0, 0.297541, 0.0, 0.0, 0.0, 1.0],
                [-1.0, 0.0, -0.0, -0.061635, -0.0, -0.0, 1.0, -0.3297, -0.0, 1.0, 0.0, 0.297541, 0.0, 0.0, 0.0, 1.0],
                [-1.0, 0.0, -0.0, -0.090062, -0.0, -0.0, 1.0, -0.388702, -0.0, 1.0, 0.0, 0.297541, 0.0, 0.0, 0.0, 1.0],
                [-1.0, 0.0, -0.0, -0.127244, -0.0, -0.0, 1.0, -0.45039, -0.0, 1.0, 0.0, 0.297541, 0.0, 0.0, 0.0, 1.0],
                [-1.0, 0.0, -0.0, -0.170941, -0.0, -0.0, 1.0, -0.515005, -0.0, 1.0, 0.0, 0.297541, 0.0, 0.0, 0.0, 1.0],
                [-1.0, 0.0, -0.0, -0.213205, -0.0, -0.0, 1.0, -0.573668, -0.0, 1.0, 0.0, 0.297541, 0.0, 0.0, 0.0, 1.0],
                [-1.0, 0.0, -0.0, -0.25504, -0.0, -0.0, 1.0, -0.628917, -0.0, 1.0, 0.0, 0.297541, 0.0, 0.0, 0.0, 1.0],
                [-1.0, 0.0, -0.0, -0.299568, -0.0, -0.0, 1.0, -0.682605, -0.0, 1.0, 0.0, 0.297541, 0.0, 0.0, 0.0, 1.0],
                [-1.0, 0.0, -0.0, -0.34694, -0.0, -0.0, 1.0, -0.735893, -0.0, 1.0, 0.0, 0.297541, 0.0, 0.0, 0.0, 1.0],
                [-1.0, 0.0, -0.0, -0.396929, -0.0, -0.0, 1.0, -0.787557, -0.0, 1.0, 0.0, 0.297541, 0.0, 0.0, 0.0, 1.0],
                [-1.0, 0.0, -0.0, -0.448426, -0.0, -0.0, 1.0, -0.837406, -0.0, 1.0, 0.0, 0.297541, 0.0, 0.0, 0.0, 1.0],
                [-1.0, 0.0, -0.0, -0.501566, -0.0, -0.0, 1.0, -0.886371, -0.0, 1.0, 0.0, 0.29754, 0.0, 0.0, 0.0, 1.0],
                [-1.0, 0.0, -0.0, -0.555762, -0.0, -0.0, 1.0, -0.931144, -0.0, 1.0, 0.0, 0.29754, 0.0, 0.0, 0.0, 1.0],
                [-1.0, 0.0, -0.0, -0.60899, -0.0, -0.0, 1.0, -0.968427, -0.0, 1.0, 0.0, 0.29754, 0.0, 0.0, 0.0, 1.0],
                [-1.0, 0.0, -0.0, -0.668611, -0.0, -0.0, 1.0, -0.999126, -0.0, 1.0, 0.0, 0.29754, 0.0, 0.0, 0.0, 1.0],
                [-1.0, 0.0, -0.0, -0.718205, -0.0, -0.0, 1.0, -1.023688, -0.0, 1.0, 0.0, 0.29754, 0.0, 0.0, 0.0, 1.0],
                [-1.0, 0.0, -0.0, -0.744162, -0.0, -0.0, 1.0, -1.043414, -0.0, 1.0, 0.0, 0.29754, 0.0, 0.0, 0.0, 1.0],
                [-1.0, 0.0, -0.0, -0.756177, -0.0, -0.0, 1.0, -1.056335, -0.0, 1.0, 0.0, 0.29754, 0.0, 0.0, 0.0, 1.0],
                [-1.0, 0.0, -0.0, -0.766974, -0.0, -0.0, 1.0, -1.06376, -0.0, 1.0, 0.0, 0.29754, 0.0, 0.0, 0.0, 1.0],
                [-1.0, 0.0, -0.0, -0.770164, -0.0, -0.0, 1.0, -1.06512, 0.0, 1.0, 0.0, 0.29754, 0.0, 0.0, 0.0, 1.0],
                [-1.0, 0.0, -0.0, -0.769128, -0.0, -0.0, 1.0, -1.062815, -0.0, 1.0, 0.0, 0.29754, 0.0, 0.0, 0.0, 1.0],
                [-1.0, 0.0, -0.0, -0.761106, -0.0, -0.0, 1.0, -1.056331, -0.0, 1.0, 0.0, 0.29754, 0.0, 0.0, 0.0, 1.0],
                [-1.0, 0.0, -0.0, -0.747785, -0.0, -0.0, 1.0, -1.045353, -0.0, 1.0, 0.0, 0.29754, 0.0, 0.0, 0.0, 1.0],
                [-1.0, 0.0, -0.0, -0.735362, -0.0, -0.0, 1.0, -1.03015, -0.0, 1.0, 0.0, 0.29754, 0.0, 0.0, 0.0, 1.0],
                [-1.0, 0.0, -0.0, -0.72231, -0.0, -0.0, 1.0, -1.010049, -0.0, 1.0, 0.0, 0.29754, 0.0, 0.0, 0.0, 1.0],
                [-1.0, 0.0, -0.0, -0.70948, -0.0, -0.0, 1.0, -0.987346, -0.0, 1.0, 0.0, 0.29754, 0.0, 0.0, 0.0, 1.0],
                [-1.0, 0.0, -0.0, -0.696612, -0.0, -0.0, 1.0, -0.96163, -0.0, 1.0, 0.0, 0.29754, 0.0, 0.0, 0.0, 1.0],
                [-1.0, 0.0, -0.0, -0.683846, -0.0, -0.0, 1.0, -0.933665, -0.0, 1.0, 0.0, 0.29754, 0.0, 0.0, 0.0, 1.0],
                [-1.0, 0.0, -0.0, -0.671148, -0.0, -0.0, 1.0, -0.904248, -0.0, 1.0, 0.0, 0.29754, 0.0, 0.0, 0.0, 1.0],
                [-1.0, 0.0, -0.0, -0.658543, -0.0, -0.0, 1.0, -0.872519, 0.0, 1.0, 0.0, 0.29754, 0.0, 0.0, 0.0, 1.0],
                [-1.0, 0.0, -0.0, -0.646146, -0.0, -0.0, 1.0, -0.839413, -0.0, 1.0, 0.0, 0.297541, 0.0, 0.0, 0.0, 1.0],
                [-1.0, 0.0, -0.0, -0.634115, -0.0, -0.0, 1.0, -0.804298, 0.0, 1.0, 0.0, 0.297541, 0.0, 0.0, 0.0, 1.0],
                [-1.0, 0.0, -0.0, -0.627887, -0.0, -0.0, 1.0, -0.76735, 0.0, 1.0, 0.0, 0.297541, 0.0, 0.0, 0.0, 1.0],
                [-1.0, 0.0, -0.0, -0.624323, -0.0, -0.0, 1.0, -0.728959, -0.0, 1.0, 0.0, 0.297541, 0.0, 0.0, 0.0, 1.0],
                [-1.0, 0.0, -0.0, -0.617085, -0.0, -0.0, 1.0, -0.687025, -0.0, 1.0, 0.0, 0.297541, 0.0, 0.0, 0.0, 1.0],
                [-1.0, 0.0, -0.0, -0.604552, -0.0, -0.0, 1.0, -0.640977, 0.0, 1.0, 0.0, 0.297541, 0.0, 0.0, 0.0, 1.0],
                [-1.0, 0.0, -0.0, -0.587738, -0.0, -0.0, 1.0, -0.590711, 0.0, 1.0, 0.0, 0.297541, 0.0, 0.0, 0.0, 1.0],
                [-1.0, 0.0, -0.0, -0.568998, -0.0, -0.0, 1.0, -0.538257, -0.0, 1.0, 0.0, 0.297541, 0.0, 0.0, 0.0, 1.0],
                [-1.0, 0.0, -0.0, -0.547137, -0.0, -0.0, 1.0, -0.483714, -0.0, 1.0, 0.0, 0.297541, 0.0, 0.0, 0.0, 1.0],
                [-1.0, 0.0, -0.0, -0.521805, -0.0, -0.0, 1.0, -0.428426, -0.0, 1.0, 0.0, 0.297541, 0.0, 0.0, 0.0, 1.0],
                [-1.0, 0.0, -0.0, -0.490978, -0.0, -0.0, 1.0, -0.371067, -0.0, 1.0, 0.0, 0.297541, 0.0, 0.0, 0.0, 1.0],
                [-1.0, 0.0, -0.0, -0.457513, -0.0, -0.0, 1.0, -0.312478, -0.0, 1.0, 0.0, 0.297541, 0.0, 0.0, 0.0, 1.0],
                [-1.0, 0.0, -0.0, -0.426629, -0.0, -0.0, 1.0, -0.253018, -0.0, 1.0, 0.0, 0.297541, 0.0, 0.0, 0.0, 1.0],
                [-1.0, 0.0, -0.0, -0.401571, -0.0, -0.0, 1.0, -0.192269, -0.0, 1.0, 0.0, 0.297541, 0.0, 0.0, 0.0, 1.0],
                [-1.0, 0.0, -0.0, -0.381097, -0.0, -0.0, 1.0, -0.13001, -0.0, 1.0, 0.0, 0.297541, 0.0, 0.0, 0.0, 1.0],
                [-1.0, 0.0, -0.0, -0.357543, -0.0, -0.0, 1.0, -0.068567, -0.0, 1.0, 0.0, 0.297541, 0.0, 0.0, 0.0, 1.0],
                [-1.0, 0.0, -0.0, -0.324706, -0.0, -0.0, 1.0, -0.009875, -0.0, 1.0, 0.0, 0.297541, 0.0, 0.0, 0.0, 1.0],
                [-1.0, 0.0, -0.0, -0.277064, -0.0, -0.0, 1.0, 0.04526, -0.0, 1.0, 0.0, 0.297541, 0.0, 0.0, 0.0, 1.0],
                [-1.0, 0.0, -0.0, -0.224169, -0.0, -0.0, 1.0, 0.097257, -0.0, 1.0, 0.0, 0.297541, 0.0, 0.0, 0.0, 1.0],
                [-1.0, 0.0, -0.0, -0.178169, -0.0, -0.0, 1.0, 0.148118, -0.0, 1.0, 0.0, 0.297541, 0.0, 0.0, 0.0, 1.0],
                [-1.0, 0.0, -0.0, -0.13732, -0.0, -0.0, 1.0, 0.197394, -0.0, 1.0, 0.0, 0.297541, 0.0, 0.0, 0.0, 1.0],
                [-1.0, 0.0, -0.0, -0.104645, -0.0, -0.0, 1.0, 0.245551, -0.0, 1.0, 0.0, 0.297541, 0.0, 0.0, 0.0, 1.0],
                [-1.0, 0.0, -0.0, -0.085796, -0.0, -0.0, 1.0, 0.286607, -0.0, 1.0, 0.0, 0.297541, 0.0, 0.0, 0.0, 1.0],
                [-1.0, 0.0, -0.0, -0.0739, -0.0, -0.0, 1.0, 0.322287, -0.0, 1.0, 0.0, 0.297541, 0.0, 0.0, 0.0, 1.0],
                [-1.0, 0.0, -0.0, -0.062805, -0.0, -0.0, 1.0, 0.355138, 0.0, 1.0, 0.0, 0.297541, 0.0, 0.0, 0.0, 1.0],
                [-1.0, 0.0, -0.0, -0.05421, -0.0, -0.0, 1.0, 0.384686, 0.0, 1.0, 0.0, 0.297541, 0.0, 0.0, 0.0, 1.0],
                [-1.0, 0.0, -0.0, -0.047105, -0.0, -0.0, 1.0, 0.411686, -0.0, 1.0, 0.0, 0.297541, 0.0, 0.0, 0.0, 1.0],
                [-1.0, 0.0, -0.0, -0.041362, -0.0, -0.0, 1.0, 0.436931, -0.0, 1.0, 0.0, 0.297541, 0.0, 0.0, 0.0, 1.0],
                [-1.0, 0.0, -0.0, -0.037236, -0.0, -0.0, 1.0, 0.457809, -0.0, 1.0, 0.0, 0.297541, 0.0, 0.0, 0.0, 1.0],
                [-1.0, 0.0, -0.0, -0.033192, -0.0, -0.0, 1.0, 0.476023, -0.0, 1.0, 0.0, 0.297541, 0.0, 0.0, 0.0, 1.0],
                [-1.0, 0.0, -0.0, -0.029444, -0.0, -0.0, 1.0, 0.492535, -0.0, 1.0, 0.0, 0.297541, 0.0, 0.0, 0.0, 1.0],
                [-1.0, 0.0, -0.0, -0.026014, -0.0, -0.0, 1.0, 0.507321, -0.0, 1.0, 0.0, 0.297541, 0.0, 0.0, 0.0, 1.0],
                [-1.0, 0.0, -0.0, -0.02284, -0.0, -0.0, 1.0, 0.520848, -0.0, 1.0, 0.0, 0.297541, 0.0, 0.0, 0.0, 1.0],
                [-1.0, 0.0, -0.0, -0.019794, -0.0, -0.0, 1.0, 0.5339, -0.0, 1.0, 0.0, 0.297541, 0.0, 0.0, 0.0, 1.0],
                [-1.0, 0.0, -0.0, -0.016761, -0.0, -0.0, 1.0, 0.547127, -0.0, 1.0, 0.0, 0.297541, 0.0, 0.0, 0.0, 1.0],
                [-1.0, 0.0, -0.0, -0.013221, -0.0, -0.0, 1.0, 0.560806, -0.0, 1.0, 0.0, 0.297541, 0.0, 0.0, 0.0, 1.0],
                [-1.0, 0.0, -0.0, -0.009885, -0.0, -0.0, 1.0, 0.573459, -0.0, 1.0, 0.0, 0.297541, 0.0, 0.0, 0.0, 1.0],
                [-1.0, 0.0, -0.0, -0.008679, -0.0, -0.0, 1.0, 0.583163, -0.0, 1.0, 0.0, 0.297541, 0.0, 0.0, 0.0, 1.0],
                [-1.0, 0.0, -0.0, -0.009049, -0.0, -0.0, 1.0, 0.589909, -0.0, 1.0, 0.0, 0.297541, 0.0, 0.0, 0.0, 1.0],
                [-1.0, 0.0, -0.0, -0.009715, -0.0, -0.0, 1.0, 0.592138, -0.0, 1.0, 0.0, 0.297541, 0.0, 0.0, 0.0, 1.0],
                [-1.0, 0.0, -0.0, -0.010318, -0.0, -0.0, 1.0, 0.592461, -0.0, 1.0, 0.0, 0.297541, 0.0, 0.0, 0.0, 1.0],
                [-1.0, 0.0, -0.0, -0.01101, -0.0, -0.0, 1.0, 0.592783, -0.0, 1.0, 0.0, 0.297541, 0.0, 0.0, 0.0, 1.0],
                [-1.0, 0.0, -0.0, -0.011534, -0.0, -0.0, 1.0, 0.593106, -0.0, 1.0, 0.0, 0.297541, 0.0, 0.0, 0.0, 1.0],
                [-1.0, 0.0, -0.0, -0.01171, -0.0, -0.0, 1.0, 0.593428, -0.0, 1.0, 0.0, 0.297541, 0.0, 0.0, 0.0, 1.0],
                [-1.0, 0.0, -0.0, -0.011318, -0.0, -0.0, 1.0, 0.593751, -0.0, 1.0, 0.0, 0.297541, 0.0, 0.0, 0.0, 1.0],
                [-1.0, 0.0, -0.0, -0.010108, -0.0, -0.0, 1.0, 0.595021, -0.0, 1.0, 0.0, 0.297541, 0.0, 0.0, 0.0, 1.0],
                [-1.0, 0.0, -0.0, -0.008043, -0.0, -0.0, 1.0, 0.596828, -0.0, 1.0, 0.0, 0.297541, 0.0, 0.0, 0.0, 1.0],
                [-1.0, 0.0, -0.0, -0.005126, -0.0, -0.0, 1.0, 0.599191, -0.0, 1.0, 0.0, 0.297541, 0.0, 0.0, 0.0, 1.0],
                [-1.0, 0.0, -0.0, -0.001412, -0.0, -0.0, 1.0, 0.602106, -0.0, 1.0, 0.0, 0.297541, 0.0, 0.0, 0.0, 1.0],
                [-1.0, 0.0, -0.0, 0.002982, -0.0, -0.0, 1.0, 0.605527, -0.0, 1.0, 0.0, 0.297541, 0.0, 0.0, 0.0, 1.0],
                [-1.0, 0.0, -0.0, 0.007877, -0.0, -0.0, 1.0, 0.609373, -0.0, 1.0, 0.0, 0.297541, 0.0, 0.0, 0.0, 1.0],
                [-1.0, 0.0, -0.0, 0.013056, -0.0, -0.0, 1.0, 0.613533, -0.0, 1.0, 0.0, 0.297541, 0.0, 0.0, 0.0, 1.0],
                [-1.0, 0.0, -0.0, 0.018295, -0.0, -0.0, 1.0, 0.617879, 0.0, 1.0, 0.0, 0.297541, 0.0, 0.0, 0.0, 1.0],
                [-1.0, 0.0, -0.0, 0.023394, -0.0, -0.0, 1.0, 0.622292, -0.0, 1.0, 0.0, 0.297541, 0.0, 0.0, 0.0, 1.0],
                [-1.0, 0.0, -0.0, 0.028195, -0.0, -0.0, 1.0, 0.626669, -0.0, 1.0, 0.0, 0.297541, 0.0, 0.0, 0.0, 1.0],
                [-1.0, 0.0, -0.0, 0.032595, -0.0, -0.0, 1.0, 0.630934, -0.0, 1.0, 0.0, 0.297541, 0.0, 0.0, 0.0, 1.0],
                [-1.0, 0.0, -0.0, 0.036532, -0.0, -0.0, 1.0, 0.635035, -0.0, 1.0, 0.0, 0.297541, 0.0, 0.0, 0.0, 1.0],
                [-1.0, 0.0, -0.0, 0.040335, -0.0, -0.0, 1.0, 0.639066, -0.0, 1.0, 0.0, 0.297541, 0.0, 0.0, 0.0, 1.0],
                [-1.0, 0.0, -0.0, 0.044337, -0.0, -0.0, 1.0, 0.64317, -0.0, 1.0, 0.0, 0.297541, 0.0, 0.0, 0.0, 1.0],
                [-1.0, 0.0, -0.0, 0.048489, -0.0, -0.0, 1.0, 0.647387, -0.0, 1.0, 0.0, 0.297541, 0.0, 0.0, 0.0, 1.0],
                [-1.0, 0.0, -0.0, 0.052708, -0.0, -0.0, 1.0, 0.651769, -0.0, 1.0, 0.0, 0.297541, 0.0, 0.0, 0.0, 1.0],
                [-1.0, 0.0, -0.0, 0.056873, -0.0, -0.0, 1.0, 0.656363, -0.0, 1.0, 0.0, 0.297541, 0.0, 0.0, 0.0, 1.0],
                [-1.0, 0.0, -0.0, 0.060853, -0.0, -0.0, 1.0, 0.661201, 0.0, 1.0, 0.0, 0.297541, 0.0, 0.0, 0.0, 1.0],
                [-1.0, 0.0, -0.0, 0.064535, -0.0, -0.0, 1.0, 0.66629, -0.0, 1.0, 0.0, 0.297541, 0.0, 0.0, 0.0, 1.0],
                [-1.0, 0.0, -0.0, 0.067849, -0.0, -0.0, 1.0, 0.671615, 0.0, 1.0, 0.0, 0.297541, 0.0, 0.0, 0.0, 1.0],
                [-1.0, 0.0, -0.0, 0.07077, -0.0, -0.0, 1.0, 0.677144, 0.0, 1.0, 0.0, 0.297541, 0.0, 0.0, 0.0, 1.0],
                [-1.0, 0.0, -0.0, 0.073312, -0.0, -0.0, 1.0, 0.682839, -0.0, 1.0, 0.0, 0.297541, 0.0, 0.0, 0.0, 1.0],
                [-1.0, 0.0, -0.0, 0.075409, -0.0, -0.0, 1.0, 0.690281, -0.0, 1.0, 0.0, 0.297541, 0.0, 0.0, 0.0, 1.0],
                [-1.0, 0.0, -0.0, 0.076787, -0.0, -0.0, 1.0, 0.699719, 0.0, 1.0, 0.0, 0.297541, 0.0, 0.0, 0.0, 1.0],
                [-1.0, 0.0, -0.0, 0.07738, -0.0, -0.0, 1.0, 0.707242, 0.0, 1.0, 0.0, 0.297541, 0.0, 0.0, 0.0, 1.0],
                [-1.0, 0.0, -0.0, 0.077496, -0.0, -0.0, 1.0, 0.709846, -0.0, 1.0, 0.0, 0.297541, 0.0, 0.0, 0.0, 1.0],
                [-1.0, 0.0, -0.0, 0.07664, -0.0, -0.0, 1.0, 0.709439, -0.0, 1.0, 0.0, 0.297541, 0.0, 0.0, 0.0, 1.0],
                [-1.0, 0.0, -0.0, 0.074426, -0.0, -0.0, 1.0, 0.709032, -0.0, 1.0, 0.0, 0.297541, 0.0, 0.0, 0.0, 1.0],
                [-1.0, 0.0, -0.0, 0.071841, -0.0, -0.0, 1.0, 0.703001, -0.0, 1.0, 0.0, 0.297541, 0.0, 0.0, 0.0, 1.0],
                [-1.0, 0.0, -0.0, 0.068223, -0.0, -0.0, 1.0, 0.689916, -0.0, 1.0, 0.0, 0.297541, 0.0, 0.0, 0.0, 1.0],
                [-1.0, 0.0, -0.0, 0.06401, -0.0, -0.0, 1.0, 0.676057, -0.0, 1.0, 0.0, 0.297541, 0.0, 0.0, 0.0, 1.0],
                [-1.0, 0.0, -0.0, 0.05906, -0.0, -0.0, 1.0, 0.659508, -0.0, 1.0, 0.0, 0.297541, 0.0, 0.0, 0.0, 1.0],
                [-1.0, 0.0, -0.0, 0.053031, -0.0, -0.0, 1.0, 0.640078, -0.0, 1.0, 0.0, 0.297541, 0.0, 0.0, 0.0, 1.0],
                [-1.0, 0.0, -0.0, 0.045946, -0.0, -0.0, 1.0, 0.618685, -0.0, 1.0, 0.0, 0.297541, 0.0, 0.0, 0.0, 1.0],
                [-1.0, 0.0, -0.0, 0.037757, -0.0, -0.0, 1.0, 0.5944, -0.0, 1.0, 0.0, 0.297541, 0.0, 0.0, 0.0, 1.0],
                [-1.0, 0.0, -0.0, 0.029474, -0.0, -0.0, 1.0, 0.56768, -0.0, 1.0, 0.0, 0.297541, 0.0, 0.0, 0.0, 1.0],
                [-1.0, 0.0, -0.0, 0.022001, -0.0, -0.0, 1.0, 0.539449, -0.0, 1.0, 0.0, 0.297541, 0.0, 0.0, 0.0, 1.0],
                [-1.0, 0.0, -0.0, 0.013078, -0.0, -0.0, 1.0, 0.50659, -0.0, 1.0, 0.0, 0.297541, 0.0, 0.0, 0.0, 1.0],
                [-1.0, 0.0, -0.0, 0.001949, -0.0, -0.0, 1.0, 0.468213, -0.0, 1.0, 0.0, 0.297541, 0.0, 0.0, 0.0, 1.0],
                [-1.0, 0.0, -0.0, -0.012539, -0.0, -0.0, 1.0, 0.426708, -0.0, 1.0, 0.0, 0.297541, 0.0, 0.0, 0.0, 1.0],
                [-1.0, 0.0, -0.0, -0.029478, -0.0, -0.0, 1.0, 0.38586, -0.0, 1.0, 0.0, 0.297541, 0.0, 0.0, 0.0, 1.0],
                [-1.0, 0.0, -0.0, -0.048049, -0.0, -0.0, 1.0, 0.344524, -0.0, 1.0, 0.0, 0.297541, 0.0, 0.0, 0.0, 1.0],
                [-1.0, 0.0, -0.0, -0.06825, -0.0, -0.0, 1.0, 0.302947, -0.0, 1.0, 0.0, 0.297541, 0.0, 0.0, 0.0, 1.0],
                [-1.0, 0.0, -0.0, -0.08946, -0.0, -0.0, 1.0, 0.261533, -0.0, 1.0, 0.0, 0.297541, 0.0, 0.0, 0.0, 1.0],
                [-1.0, 0.0, -0.0, -0.110888, -0.0, -0.0, 1.0, 0.220551, -0.0, 1.0, 0.0, 0.297541, 0.0, 0.0, 0.0, 1.0],
                [-1.0, 0.0, -0.0, -0.133167, -0.0, -0.0, 1.0, 0.179267, -0.0, 1.0, 0.0, 0.297541, 0.0, 0.0, 0.0, 1.0],
                [-1.0, 0.0, -0.0, -0.156948, -0.0, -0.0, 1.0, 0.137617, -0.0, 1.0, 0.0, 0.297541, 0.0, 0.0, 0.0, 1.0],
                [-1.0, 0.0, -0.0, -0.180729, -0.0, -0.0, 1.0, 0.097352, -0.0, 1.0, 0.0, 0.297541, 0.0, 0.0, 0.0, 1.0],
                [-1.0, 0.0, -0.0, -0.203007, -0.0, -0.0, 1.0, 0.059567, -0.0, 1.0, 0.0, 0.297541, 0.0, 0.0, 0.0, 1.0],
                [-1.0, 0.0, -0.0, -0.224143, -0.0, -0.0, 1.0, 0.025578, -0.0, 1.0, 0.0, 0.297541, 0.0, 0.0, 0.0, 1.0],
                [-1.0, 0.0, -0.0, -0.242339, -0.0, -0.0, 1.0, -0.006214, -0.0, 1.0, 0.0, 0.297541, 0.0, 0.0, 0.0, 1.0],
                [-1.0, 0.0, -0.0, -0.25717, -0.0, -0.0, 1.0, -0.03996, -0.0, 1.0, 0.0, 0.297541, 0.0, 0.0, 0.0, 1.0],
                [-1.0, 0.0, -0.0, -0.268318, -0.0, -0.0, 1.0, -0.071698, -0.0, 1.0, 0.0, 0.297541, 0.0, 0.0, 0.0, 1.0],
                [-1.0, 0.0, -0.0, -0.276814, -0.0, -0.0, 1.0, -0.099858, -0.0, 1.0, 0.0, 0.297541, 0.0, 0.0, 0.0, 1.0],
                [-1.0, 0.0, -0.0, -0.282486, -0.0, -0.0, 1.0, -0.123759, -0.0, 1.0, 0.0, 0.297541, 0.0, 0.0, 0.0, 1.0],
                [-1.0, 0.0, -0.0, -0.286742, -0.0, -0.0, 1.0, -0.144081, -0.0, 1.0, 0.0, 0.297541, 0.0, 0.0, 0.0, 1.0],
                [-1.0, 0.0, -0.0, -0.289182, -0.0, -0.0, 1.0, -0.160148, -0.0, 1.0, 0.0, 0.297541, 0.0, 0.0, 0.0, 1.0],
                [-1.0, 0.0, -0.0, -0.290645, -0.0, -0.0, 1.0, -0.176198, -0.0, 1.0, 0.0, 0.297541, 0.0, 0.0, 0.0, 1.0],
                [-1.0, 0.0, -0.0, -0.29112, -0.0, -0.0, 1.0, -0.189938, -0.0, 1.0, 0.0, 0.297541, 0.0, 0.0, 0.0, 1.0],
                [-1.0, 0.0, -0.0, -0.291824, -0.0, -0.0, 1.0, -0.194638, -0.0, 1.0, 0.0, 0.297541, 0.0, 0.0, 0.0, 1.0],
                [-1.0, 0.0, -0.0, -0.292938, -0.0, -0.0, 1.0, -0.194398, -0.0, 1.0, 0.0, 0.297541, 0.0, 0.0, 0.0, 1.0],
                [-1.0, 0.0, -0.0, -0.294544, -0.0, -0.0, 1.0, -0.192713, -0.0, 1.0, 0.0, 0.297541, 0.0, 0.0, 0.0, 1.0],
                [-1.0, 0.0, -0.0, -0.296742, -0.0, -0.0, 1.0, -0.187936, -0.0, 1.0, 0.0, 0.297541, 0.0, 0.0, 0.0, 1.0],
                [-1.0, 0.0, -0.0, -0.29941, -0.0, -0.0, 1.0, -0.178775, -0.0, 1.0, 0.0, 0.297541, 0.0, 0.0, 0.0, 1.0],
                [-1.0, 0.0, -0.0, -0.302211, -0.0, -0.0, 1.0, -0.168608, -0.0, 1.0, 0.0, 0.297541, 0.0, 0.0, 0.0, 1.0],
                [-1.0, 0.0, -0.0, -0.30506, -0.0, -0.0, 1.0, -0.158467, -0.0, 1.0, 0.0, 0.297541, 0.0, 0.0, 0.0, 1.0],
                [-1.0, 0.0, -0.0, -0.308095, -0.0, -0.0, 1.0, -0.147155, -0.0, 1.0, 0.0, 0.297541, 0.0, 0.0, 0.0, 1.0],
                [-1.0, 0.0, -0.0, -0.311229, -0.0, -0.0, 1.0, -0.135124, -0.0, 1.0, 0.0, 0.297541, 0.0, 0.0, 0.0, 1.0],
                [-1.0, 0.0, -0.0, -0.314309, -0.0, -0.0, 1.0, -0.123222, -0.0, 1.0, 0.0, 0.297541, 0.0, 0.0, 0.0, 1.0],
                [-1.0, 0.0, -0.0, -0.317193, -0.0, -0.0, 1.0, -0.112266, -0.0, 1.0, 0.0, 0.297541, 0.0, 0.0, 0.0, 1.0],
                [-1.0, 0.0, -0.0, -0.319824, -0.0, -0.0, 1.0, -0.102636, -0.0, 1.0, 0.0, 0.297541, 0.0, 0.0, 0.0, 1.0],
                [-1.0, 0.0, -0.0, -0.322289, -0.0, -0.0, 1.0, -0.094026, -0.0, 1.0, 0.0, 0.297541, 0.0, 0.0, 0.0, 1.0],
                [-1.0, 0.0, -0.0, -0.324567, -0.0, -0.0, 1.0, -0.086461, -0.0, 1.0, 0.0, 0.297541, 0.0, 0.0, 0.0, 1.0],
                [-1.0, 0.0, -0.0, -0.326505, -0.0, -0.0, 1.0, -0.080243, -0.0, 1.0, 0.0, 0.297541, 0.0, 0.0, 0.0, 1.0],
                [-1.0, 0.0, -0.0, -0.328112, -0.0, -0.0, 1.0, -0.075033, -0.0, 1.0, 0.0, 0.297541, 0.0, 0.0, 0.0, 1.0],
                [-1.0, 0.0, -0.0, -0.329568, -0.0, -0.0, 1.0, -0.070238, -0.0, 1.0, 0.0, 0.297541, 0.0, 0.0, 0.0, 1.0],
                [-1.0, 0.0, -0.0, -0.330876, -0.0, -0.0, 1.0, -0.065973, -0.0, 1.0, 0.0, 0.297541, 0.0, 0.0, 0.0, 1.0],
                [-1.0, 0.0, -0.0, -0.331855, -0.0, -0.0, 1.0, -0.062813, -0.0, 1.0, 0.0, 0.297541, 0.0, 0.0, 0.0, 1.0],
                [-1.0, 0.0, -0.0, -0.332205, -0.0, -0.0, 1.0, -0.061075, -0.0, 1.0, 0.0, 0.297541, 0.0, 0.0, 0.0, 1.0],
                [-1.0, 0.0, -0.0, -0.332554, -0.0, -0.0, 1.0, -0.06058, -0.0, 1.0, 0.0, 0.297541, 0.0, 0.0, 0.0, 1.0]
            ]
        },
        {
            "name": "Thigh_R",
            "time": [0.0, 0.0417, 0.0833, 0.125, 0.1667, 0.2083, 0.25, 0.2917, 0.3333, 0.375, 0.4167, 0.4583, 0.5, 0.5417, 0.5833, 0.625, 0.6667, 0.7083, 0.75, 0.7917, 0.8333, 0.875, 0.9167, 0.9583, 1.0, 1.0417, 1.0833, 1.125, 1.1667, 1.2083, 1.25, 1.2917, 1.3333, 1.375, 1.4167, 1.4583, 1.5, 1.5417, 1.5833, 1.625, 1.6667, 1.7083, 1.75, 1.7917, 1.8333, 1.875, 1.9167, 1.9583, 2.0, 2.0417, 2.0833, 2.125, 2.1667, 2.2083, 2.25, 2.2917, 2.3333, 2.375, 2.4167, 2.4583, 2.5, 2.5417, 2.5833, 2.625, 2.6667, 2.7083, 2.75, 2.7917, 2.8333, 2.875, 2.9167, 2.9583, 3.0, 3.0417, 3.0833, 3.125, 3.1667, 3.2083, 3.25, 3.2917, 3.3333, 3.375, 3.4167, 3.4583, 3.5, 3.5417, 3.5833, 3.625, 3.6667, 3.7083, 3.75, 3.7917, 3.8333, 3.875, 3.9167, 3.9583, 4.0, 4.0417, 4.0833, 4.125, 4.1667, 4.2083, 4.25, 4.2917, 4.3333, 4.375, 4.4167, 4.4583, 4.5, 4.5417, 4.5833, 4.625, 4.6667, 4.7083, 4.75, 4.7917, 4.8333, 4.875, 4.9167, 4.9583, 5.0, 5.0417, 5.0833, 5.125, 5.1667, 5.2083, 5.25, 5.2917, 5.3333, 5.375, 5.4167, 5.4583, 5.5, 5.5417, 5.5833, 5.625, 5.6667, 5.7083, 5.75, 5.7917, 5.8333, 5.875, 5.9167, 5.9583, 6.0, 6.0417, 6.0833, 6.125, 6.1667, 6.2083, 6.25, 6.2917, 6.3333, 6.375, 6.4167, 6.4583, 6.5, 6.5417, 6.5833, 6.625, 6.6667],
            "transform": [
                [-0.707622, 0.245236, 0.662676, 0.096351, 0.566579, -0.363469, 0.739518, 0.05824, 0.422218, 0.89875, 0.118252, 0.033028, 0.0, 0.0, 0.0, 1.0],
                [-0.699029, 0.266588, 0.663548, 0.096352, 0.581375, -0.328424, 0.744411, 0.058239, 0.416376, 0.90613, 0.07459, 0.033026, 0.0, 0.0, 0.0, 1.0],
                [-0.695729, 0.280903, 0.661107, 0.096352, 0.595385, -0.28938, 0.749521, 0.058237, 0.401854, 0.915072, 0.034084, 0.033027, 0.0, 0.0, 0.0, 1.0],
                [-0.697393, 0.290194, 0.655315, 0.096352, 0.605594, -0.250387, 0.75536, 0.058238, 0.383283, 0.923631, -0.001122, 0.033028, 0.0, 0.0, 0.0, 1.0],
                [-0.702229, 0.297628, 0.646762, 0.096352, 0.610708, -0.215128, 0.762079, 0.05824, 0.365953, 0.930129, -0.030695, 0.033027, 0.0, 0.0, 0.0, 1.0],
                [-0.705821, 0.302781, 0.640427, 0.096352, 0.614939, -0.186924, 0.766105, 0.058238, 0.351672, 0.93455, -0.054257, 0.033026, 0.0, 0.0, 0.0, 1.0],
                [-0.702803, 0.309438, 0.640567, 0.096351, 0.623292, -0.166192, 0.764131, 0.058239, 0.342908, 0.936286, -0.07607, 0.033027, 0.0, 0.0, 0.0, 1.0],
                [-0.692153, 0.317296, 0.648269, 0.096351, 0.637939, -0.151159, 0.755109, 0.058239, 0.337585, 0.936202, -0.097791, 0.033026, 0.0, 0.0, 0.0, 1.0],
                [-0.664024, 0.326801, 0.672518, 0.096352, 0.666971, -0.147679, 0.730308, 0.058238, 0.337983, 0.933484, -0.119904, 0.03303, 0.0, 0.0, 0.0, 1.0],
                [-0.613858, 0.328271, 0.71793, 0.096351, 0.709174, -0.170192, 0.684189, 0.058239, 0.346785, 0.929126, -0.128328, 0.033028, 0.0, 0.0, 0.0, 1.0],
                [-0.570312, 0.307122, 0.761859, 0.096352, 0.744259, -0.199288, 0.637473, 0.05824, 0.347611, 0.930571, -0.114922, 0.033026, 0.0, 0.0, 0.0, 1.0],
                [-0.546456, 0.276019, 0.7907, 0.096351, 0.766744, -0.214911, 0.604918, 0.058239, 0.3369, 0.936818, -0.094196, 0.033029, 0.0, 0.0, 0.0, 1.0],
                [-0.54078, 0.241873, 0.805645, 0.096352, 0.778982, -0.217416, 0.588155, 0.058238, 0.317418, 0.945639, -0.07084, 0.033028, 0.0, 0.0, 0.0, 1.0],
                [-0.563909, 0.198428, 0.801648, 0.09635, 0.774575, -0.209608, 0.596746, 0.058236, 0.286444, 0.95744, -0.035498, 0.033027, 0.0, 0.0, 0.0, 1.0],
                [-0.644611, 0.128604, 0.753621, 0.096352, 0.732323, -0.179173, 0.656968, 0.058239, 0.219518, 0.975375, 0.021317, 0.033027, 0.0, 0.0, 0.0, 1.0],
                [-0.776833, 0.013693, 0.629562, 0.096352, 0.622511, -0.134048, 0.771048, 0.05824, 0.094949, 0.99088, 0.095608, 0.033028, 0.0, 0.0, 0.0, 1.0],
                [-0.888239, -0.12746, 0.441353, 0.096352, 0.454862, -0.109463, 0.883813, 0.05824, -0.064339, 0.985786, 0.155206, 0.033025, 0.0, 0.0, 0.0, 1.0],
                [-0.937135, -0.259696, 0.233117, 0.096352, 0.270763, -0.119643, 0.955185, 0.058239, -0.220167, 0.958252, 0.182437, 0.033024, 0.0, 0.0, 0.0, 1.0],
                [-0.933283, -0.341018, 0.112678, 0.096352, 0.175356, -0.158872, 0.971605, 0.058234, -0.313433, 0.926535, 0.208072, 0.033026, 0.0, 0.0, 0.0, 1.0],
                [-0.919238, -0.389392, 0.058141, 0.096353, 0.148366, -0.20582, 0.967279, 0.058237, -0.364684, 0.897782, 0.246969, 0.033026, 0.0, 0.0, 0.0, 1.0],
                [-0.906675, -0.419346, 0.045809, 0.096353, 0.169143, -0.261909, 0.950159, 0.058239, -0.386447, 0.869226, 0.308395, 0.033021, 0.0, 0.0, 0.0, 1.0],
                [-0.893387, -0.445674, 0.056943, 0.096352, 0.224305, -0.332599, 0.916009, 0.058237, -0.389302, 0.831117, 0.397105, 0.033028, 0.0, 0.0, 0.0, 1.0],
                [-0.898419, -0.437514, 0.037848, 0.096352, 0.22899, -0.393187, 0.890491, 0.058239, -0.374721, 0.808695, 0.453432, 0.033025, 0.0, 0.0, 0.0, 1.0],
                [-0.902519, -0.427607, 0.051173, 0.096353, 0.263237, -0.453704, 0.85139, 0.058236, -0.340842, 0.781862, 0.522037, 0.033029, 0.0, 0.0, 0.0, 1.0],
                [-0.901111, -0.432957, 0.023501, 0.096351, 0.273292, -0.525048, 0.806002, 0.05824, -0.336625, 0.732717, 0.591449, 0.033026, 0.0, 0.0, 0.0, 1.0],
                [-0.896995, -0.440648, -0.03517, 0.096351, 0.276918, -0.622147, 0.732294, 0.058239, -0.344565, 0.647121, 0.680084, 0.03303, 0.0, 0.0, 0.0, 1.0],
                [-0.893692, -0.436992, -0.10179, 0.096351, 0.282339, -0.724006, 0.629369, 0.058238, -0.348726, 0.533719, 0.770415, 0.033027, 0.0, 0.0, 0.0, 1.0],
                [-0.893567, -0.414968, -0.171304, 0.096351, 0.284949, -0.819112, 0.497857, 0.058241, -0.346912, 0.396054, 0.850174, 0.033028, 0.0, 0.0, 0.0, 1.0],
                [-0.886767, -0.383948, -0.257365, 0.09635, 0.272209, -0.883787, 0.380562, 0.058238, -0.373572, 0.267411, 0.888224, 0.033026, 0.0, 0.0, 0.0, 1.0],
                [-0.862283, -0.347046, -0.368829, 0.096351, 0.244825, -0.923187, 0.296292, 0.058238, -0.443325, 0.165188, 0.881012, 0.033023, 0.0, 0.0, 0.0, 1.0],
                [-0.855604, -0.343978, -0.386819, 0.096351, 0.248788, -0.92857, 0.275439, 0.058236, -0.453934, 0.13943, 0.880063, 0.033029, 0.0, 0.0, 0.0, 1.0],
                [-0.853289, -0.370794, -0.366627, 0.096352, 0.271455, -0.916185, 0.294818, 0.058238, -0.445215, 0.152042, 0.882424, 0.033024, 0.0, 0.0, 0.0, 1.0],
                [-0.845129, -0.387647, -0.368092, 0.096351, 0.284201, -0.909025, 0.304805, 0.058239, -0.452762, 0.152987, 0.878412, 0.033026, 0.0, 0.0, 0.0, 1.0],
                [-0.827474, -0.397165, -0.396925, 0.096352, 0.29246, -0.908285, 0.299142, 0.058238, -0.47933, 0.131448, 0.867737, 0.033022, 0.0, 0.0, 0.0, 1.0],
                [-0.813009, -0.400615, -0.422531, 0.09635, 0.301425, -0.910449, 0.283247, 0.058237, -0.498166, 0.10292, 0.860956, 0.033021, 0.0, 0.0, 0.0, 1.0],
                [-0.803915, -0.39655, -0.443259, 0.096355, 0.307164, -0.91502, 0.261518, 0.058236, -0.509296, 0.074085, 0.857403, 0.033016, 0.0, 0.0, 0.0, 1.0],
                [-0.794597, -0.395592, -0.460582, 0.096354, 0.309226, -0.91652, 0.253725, 0.058238, -0.522504, 0.059185, 0.850588, 0.033022, 0.0, 0.0, 0.0, 1.0],
                [-0.788724, -0.394069, -0.471839, 0.096347, 0.306496, -0.917398, 0.253858, 0.058239, -0.532902, 0.055607, 0.844353, 0.033024, 0.0, 0.0, 0.0, 1.0],
                [-0.802453, -0.395986, -0.446398, 0.096351, 0.302293, -0.914753, 0.268047, 0.058238, -0.514487, 0.080152, 0.853748, 0.033028, 0.0, 0.0, 0.0, 1.0],
                [-0.817692, -0.395302, -0.418475, 0.096353, 0.297896, -0.912613, 0.279996, 0.058242, -0.492589, 0.104288, 0.863994, 0.033023, 0.0, 0.0, 0.0, 1.0],
                [-0.830194, -0.396282, -0.392103, 0.096351, 0.294547, -0.908961, 0.295013, 0.058239, -0.473315, 0.129424, 0.871337, 0.033023, 0.0, 0.0, 0.0, 1.0],
                [-0.849033, -0.392809, -0.353343, 0.096353, 0.284938, -0.903602, 0.319868, 0.058241, -0.444929, 0.170897, 0.879113, 0.033029, 0.0, 0.0, 0.0, 1.0],
                [-0.868297, -0.38056, -0.318185, 0.096351, 0.267233, -0.899258, 0.346298, 0.058238, -0.417918, 0.215659, 0.882521, 0.033022, 0.0, 0.0, 0.0, 1.0],
                [-0.87784, -0.36627, -0.308625, 0.096351, 0.243206, -0.895983, 0.371576, 0.058239, -0.41262, 0.251124, 0.875607, 0.033026, 0.0, 0.0, 0.0, 1.0],
                [-0.892452, -0.344216, -0.291639, 0.096353, 0.202609, -0.883372, 0.42262, 0.058239, -0.403098, 0.318078, 0.858106, 0.033027, 0.0, 0.0, 0.0, 1.0],
                [-0.910967, -0.313291, -0.268321, 0.096352, 0.153434, -0.861179, 0.484596, 0.05824, -0.382892, 0.400279, 0.832574, 0.033029, 0.0, 0.0, 0.0, 1.0],
                [-0.93339, -0.271254, -0.23497, 0.096352, 0.103558, -0.830475, 0.547349, 0.058238, -0.343607, 0.486554, 0.803247, 0.033027, 0.0, 0.0, 0.0, 1.0],
                [-0.950729, -0.232276, -0.205363, 0.096352, 0.06776, -0.802025, 0.593439, 0.058239, -0.302548, 0.55028, 0.778244, 0.033029, 0.0, 0.0, 0.0, 1.0],
                [-0.954854, -0.218539, -0.201247, 0.096352, 0.040636, -0.767112, 0.640227, 0.058237, -0.294294, 0.603142, 0.741361, 0.033028, 0.0, 0.0, 0.0, 1.0],
                [-0.957437, -0.215386, -0.192178, 0.096352, 0.025471, -0.726204, 0.687011, 0.05824, -0.287533, 0.65287, 0.700779, 0.033028, 0.0, 0.0, 0.0, 1.0],
                [-0.967216, -0.209083, -0.144177, 0.096351, 0.03654, -0.676338, 0.735689, 0.058237, -0.251332, 0.706296, 0.661804, 0.033026, 0.0, 0.0, 0.0, 1.0],
                [-0.980759, -0.194204, -0.020062, 0.096351, 0.100384, -0.589735, 0.801336, 0.058241, -0.167454, 0.783899, 0.597883, 0.03303, 0.0, 0.0, 0.0, 1.0],
                [-0.961508, -0.17016, 0.215763, 0.096352, 0.267576, -0.401066, 0.876102, 0.05824, -0.062542, 0.900107, 0.431159, 0.033027, 0.0, 0.0, 0.0, 1.0],
                [-0.865555, -0.064956, 0.496594, 0.096352, 0.498543, -0.206303, 0.841963, 0.058239, 0.047758, 0.97633, 0.21095, 0.03303, 0.0, 0.0, 0.0, 1.0],
                [-0.74601, 0.105282, 0.657566, 0.09635, 0.651182, -0.091417, 0.753401, 0.058239, 0.139433, 0.990233, -0.00036, 0.033029, 0.0, 0.0, 0.0, 1.0],
                [-0.593406, 0.244467, 0.766885, 0.096352, 0.782, -0.050594, 0.621229, 0.05824, 0.190669, 0.968338, -0.161151, 0.033027, 0.0, 0.0, 0.0, 1.0],
                [-0.409148, 0.354872, 0.840637, 0.096351, 0.872888, -0.116199, 0.473895, 0.058239, 0.265853, 0.927667, -0.26222, 0.033028, 0.0, 0.0, 0.0, 1.0],
                [-0.286267, 0.397381, 0.871862, 0.096351, 0.900162, -0.200224, 0.386816, 0.058239, 0.328282, 0.895545, -0.300389, 0.033028, 0.0, 0.0, 0.0, 1.0],
                [-0.214079, 0.409225, 0.886966, 0.09635, 0.899907, -0.270546, 0.342025, 0.058238, 0.379931, 0.871401, -0.310346, 0.033028, 0.0, 0.0, 0.0, 1.0],
                [-0.234173, 0.410016, 0.881509, 0.096351, 0.883506, -0.288621, 0.368951, 0.058237, 0.405697, 0.865209, -0.294664, 0.033023, 0.0, 0.0, 0.0, 1.0],
                [-0.274635, 0.412161, 0.868738, 0.096351, 0.857498, -0.303809, 0.41522, 0.058239, 0.435069, 0.858967, -0.26999, 0.033025, 0.0, 0.0, 0.0, 1.0],
                [-0.326139, 0.409318, 0.852114, 0.096351, 0.823994, -0.318711, 0.468472, 0.058239, 0.463332, 0.854917, -0.233331, 0.033023, 0.0, 0.0, 0.0, 1.0],
                [-0.386099, 0.401773, 0.830368, 0.096351, 0.7822, -0.334566, 0.525581, 0.05824, 0.488979, 0.852433, -0.185091, 0.033027, 0.0, 0.0, 0.0, 1.0],
                [-0.447715, 0.38764, 0.805789, 0.096351, 0.736223, -0.351632, 0.578222, 0.05824, 0.507483, 0.85211, -0.127959, 0.03303, 0.0, 0.0, 0.0, 1.0],
                [-0.504779, 0.366536, 0.781573, 0.096352, 0.69368, -0.366671, 0.619973, 0.058239, 0.513823, 0.855105, -0.069171, 0.033026, 0.0, 0.0, 0.0, 1.0],
                [-0.559295, 0.341495, 0.755366, 0.096351, 0.655635, -0.375391, 0.655159, 0.058237, 0.507292, 0.861665, -0.013942, 0.033029, 0.0, 0.0, 0.0, 1.0],
                [-0.605453, 0.313537, 0.731524, 0.096352, 0.627745, -0.376891, 0.681099, 0.058237, 0.489254, 0.871578, 0.031368, 0.033027, 0.0, 0.0, 0.0, 1.0],
                [-0.642617, 0.290039, 0.709174, 0.096351, 0.606543, -0.372958, 0.70215, 0.05824, 0.468143, 0.881352, 0.063748, 0.033027, 0.0, 0.0, 0.0, 1.0],
                [-0.67212, 0.271564, 0.68885, 0.096352, 0.589977, -0.365746, 0.719836, 0.058237, 0.447426, 0.890216, 0.085609, 0.033027, 0.0, 0.0, 0.0, 1.0],
                [-0.691868, 0.257521, 0.674543, 0.096351, 0.57855, -0.361208, 0.73131, 0.058239, 0.431978, 0.896222, 0.100919, 0.033029, 0.0, 0.0, 0.0, 1.0],
                [-0.701719, 0.25137, 0.66664, 0.096352, 0.571133, -0.360897, 0.737269, 0.058238, 0.425916, 0.898092, 0.109682, 0.033027, 0.0, 0.0, 0.0, 1.0],
                [-0.704733, 0.251084, 0.663564, 0.096351, 0.56802, -0.360727, 0.739754, 0.058239, 0.425107, 0.898239, 0.111594, 0.033031, 0.0, 0.0, 0.0, 1.0],
                [-0.704948, 0.251049, 0.663349, 0.096352, 0.568307, -0.359654, 0.740057, 0.058238, 0.424367, 0.898681, 0.110863, 0.03303, 0.0, 0.0, 0.0, 1.0],
                [-0.703752, 0.250415, 0.664855, 0.096352, 0.570791, -0.357909, 0.738989, 0.058241, 0.423012, 0.899552, 0.108944, 0.033029, 0.0, 0.0, 0.0, 1.0],
                [-0.700899, 0.251232, 0.667556, 0.096352, 0.574792, -0.355219, 0.737185, 0.058239, 0.422333, 0.900391, 0.104566, 0.033028, 0.0, 0.0, 0.0, 1.0],
                [-0.695906, 0.249725, 0.67332, 0.096353, 0.581308, -0.354641, 0.732337, 0.058239, 0.42167, 0.901038, 0.10163, 0.033029, 0.0, 0.0, 0.0, 1.0],
                [-0.689555, 0.238802, 0.683736, 0.096351, 0.590075, -0.362141, 0.721576, 0.058238, 0.419924, 0.901016, 0.108804, 0.033029, 0.0, 0.0, 0.0, 1.0],
                [-0.687757, 0.233547, 0.687353, 0.096351, 0.593283, -0.364818, 0.717586, 0.058239, 0.41835, 0.901313, 0.112346, 0.033027, 0.0, 0.0, 0.0, 1.0],
                [-0.688419, 0.231351, 0.687431, 0.096352, 0.594342, -0.363319, 0.717469, 0.05824, 0.415744, 0.902484, 0.112614, 0.033025, 0.0, 0.0, 0.0, 1.0],
                [-0.689947, 0.231985, 0.685682, 0.096352, 0.592514, -0.363154, 0.719062, 0.058239, 0.41582, 0.902388, 0.113101, 0.033027, 0.0, 0.0, 0.0, 1.0],
                [-0.690964, 0.23338, 0.684184, 0.096352, 0.590241, -0.364297, 0.720353, 0.05824, 0.417362, 0.901568, 0.113965, 0.033021, 0.0, 0.0, 0.0, 1.0],
                [-0.691761, 0.235089, 0.682792, 0.096352, 0.5878, -0.36594, 0.721516, 0.058235, 0.419482, 0.900456, 0.114957, 0.033024, 0.0, 0.0, 0.0, 1.0],
                [-0.692351, 0.237199, 0.681463, 0.096353, 0.585158, -0.368018, 0.722604, 0.058238, 0.422191, 0.899057, 0.115998, 0.033026, 0.0, 0.0, 0.0, 1.0],
                [-0.692808, 0.239656, 0.68014, 0.096353, 0.582276, -0.370494, 0.723668, 0.058238, 0.425419, 0.897386, 0.117134, 0.033022, 0.0, 0.0, 0.0, 1.0],
                [-0.693039, 0.242611, 0.678857, 0.096352, 0.579204, -0.373274, 0.724705, 0.058236, 0.42922, 0.895439, 0.118171, 0.033027, 0.0, 0.0, 0.0, 1.0],
                [-0.693346, 0.245812, 0.677389, 0.096351, 0.575801, -0.376223, 0.72589, 0.05824, 0.433282, 0.893328, 0.119313, 0.033025, 0.0, 0.0, 0.0, 1.0],
                [-0.693452, 0.24948, 0.675938, 0.096353, 0.572277, -0.379274, 0.727089, 0.058236, 0.437759, 0.891019, 0.120235, 0.03303, 0.0, 0.0, 0.0, 1.0],
                [-0.69356, 0.253349, 0.674385, 0.096352, 0.568583, -0.382333, 0.728381, 0.05824, 0.442375, 0.888615, 0.12112, 0.033025, 0.0, 0.0, 0.0, 1.0],
                [-0.693594, 0.257507, 0.672773, 0.09635, 0.564822, -0.385265, 0.729762, 0.05824, 0.447115, 0.886151, 0.121771, 0.033031, 0.0, 0.0, 0.0, 1.0],
                [-0.693577, 0.2618, 0.671132, 0.096351, 0.561048, -0.388064, 0.731189, 0.058238, 0.451867, 0.883669, 0.122269, 0.033024, 0.0, 0.0, 0.0, 1.0],
                [-0.693597, 0.266211, 0.669373, 0.096352, 0.55725, -0.390582, 0.73275, 0.05824, 0.456513, 0.881236, 0.12256, 0.033026, 0.0, 0.0, 0.0, 1.0],
                [-0.693537, 0.27071, 0.66763, 0.09635, 0.553538, -0.392894, 0.734328, 0.058238, 0.461097, 0.878836, 0.122638, 0.033026, 0.0, 0.0, 0.0, 1.0],
                [-0.69323, 0.275349, 0.66605, 0.096351, 0.549865, -0.395375, 0.735754, 0.058238, 0.465928, 0.876279, 0.12268, 0.033023, 0.0, 0.0, 0.0, 1.0],
                [-0.692401, 0.280458, 0.664778, 0.096351, 0.546032, -0.398584, 0.736875, 0.058238, 0.471633, 0.873198, 0.12284, 0.033026, 0.0, 0.0, 0.0, 1.0],
                [-0.691169, 0.286189, 0.663617, 0.096351, 0.541666, -0.402738, 0.737838, 0.058237, 0.478424, 0.869426, 0.12334, 0.033022, 0.0, 0.0, 0.0, 1.0],
                [-0.689754, 0.292468, 0.66235, 0.09635, 0.536703, -0.407504, 0.738846, 0.058239, 0.485999, 0.865104, 0.124109, 0.033024, 0.0, 0.0, 0.0, 1.0],
                [-0.688272, 0.298954, 0.660994, 0.096352, 0.531559, -0.412233, 0.73994, 0.058239, 0.493692, 0.860634, 0.124816, 0.033022, 0.0, 0.0, 0.0, 1.0],
                [-0.68677, 0.305991, 0.659337, 0.096351, 0.525944, -0.416935, 0.74132, 0.058238, 0.501738, 0.855884, 0.125403, 0.03302, 0.0, 0.0, 0.0, 1.0],
                [-0.685338, 0.313319, 0.657384, 0.096355, 0.519405, -0.422422, 0.742823, 0.058236, 0.510434, 0.850527, 0.126761, 0.033018, 0.0, 0.0, 0.0, 1.0],
                [-0.684171, 0.321002, 0.654888, 0.096354, 0.511509, -0.428877, 0.744602, 0.05824, 0.519885, 0.844408, 0.129229, 0.03302, 0.0, 0.0, 0.0, 1.0],
                [-0.683254, 0.329065, 0.651833, 0.096347, 0.501935, -0.436677, 0.746579, 0.05824, 0.530314, 0.837276, 0.133191, 0.033024, 0.0, 0.0, 0.0, 1.0],
                [-0.682167, 0.337837, 0.648476, 0.096352, 0.491582, -0.444638, 0.748766, 0.05824, 0.541298, 0.829557, 0.137242, 0.033024, 0.0, 0.0, 0.0, 1.0],
                [-0.682972, 0.344063, 0.644339, 0.096354, 0.480496, -0.452776, 0.751079, 0.058241, 0.550161, 0.822565, 0.143912, 0.033021, 0.0, 0.0, 0.0, 1.0],
                [-0.684218, 0.349522, 0.640067, 0.096351, 0.469009, -0.461204, 0.753211, 0.058241, 0.558466, 0.815551, 0.151635, 0.033022, 0.0, 0.0, 0.0, 1.0],
                [-0.686462, 0.354144, 0.635105, 0.096351, 0.457834, -0.468058, 0.755854, 0.058241, 0.564947, 0.809633, 0.159164, 0.033029, 0.0, 0.0, 0.0, 1.0],
                [-0.689684, 0.356074, 0.630521, 0.096352, 0.448829, -0.473096, 0.758116, 0.058239, 0.568243, 0.805849, 0.16647, 0.033022, 0.0, 0.0, 0.0, 1.0],
                [-0.693383, 0.356564, 0.626171, 0.096351, 0.442272, -0.475458, 0.760488, 0.05824, 0.56888, 0.804242, 0.171976, 0.033026, 0.0, 0.0, 0.0, 1.0],
                [-0.698536, 0.356048, 0.620712, 0.096352, 0.437808, -0.47348, 0.764294, 0.05824, 0.56602, 0.805636, 0.174861, 0.033029, 0.0, 0.0, 0.0, 1.0],
                [-0.704437, 0.354972, 0.614632, 0.096351, 0.435899, -0.467049, 0.769328, 0.05824, 0.560153, 0.809853, 0.174274, 0.033027, 0.0, 0.0, 0.0, 1.0],
                [-0.710458, 0.353462, 0.608541, 0.096352, 0.437783, -0.45506, 0.775418, 0.058239, 0.551003, 0.817305, 0.168561, 0.033027, 0.0, 0.0, 0.0, 1.0],
                [-0.716386, 0.351929, 0.60245, 0.096351, 0.441691, -0.439662, 0.782057, 0.058238, 0.540103, 0.826346, 0.159523, 0.033031, 0.0, 0.0, 0.0, 1.0],
                [-0.724264, 0.347001, 0.595852, 0.096352, 0.447045, -0.421616, 0.788921, 0.058238, 0.524977, 0.837754, 0.150236, 0.033027, 0.0, 0.0, 0.0, 1.0],
                [-0.736561, 0.338468, 0.585598, 0.096351, 0.4518, -0.398104, 0.79837, 0.05824, 0.503352, 0.852616, 0.140307, 0.033027, 0.0, 0.0, 0.0, 1.0],
                [-0.747364, 0.329153, 0.577157, 0.096353, 0.458442, -0.373293, 0.806528, 0.058237, 0.48092, 0.86736, 0.128088, 0.033027, 0.0, 0.0, 0.0, 1.0],
