{
    "animation": [
        {
            "name": "Root",
            "time": [0.0, 0.0417, 0.0833, 0.125, 0.1667, 0.2083, 0.25, 0.2917, 0.3333, 0.375, 0.4167, 0.4583, 0.5, 0.5417, 0.5833, 0.625, 0.6667, 0.7083, 0.75, 0.7917, 0.8333, 0.875, 0.9167, 0.9583, 1.0, 1.0417, 1.0833, 1.125, 1.1667, 1.2083, 1.25, 1.2917, 1.3333, 1.375, 1.4167, 1.4583, 1.5, 1.5417, 1.5833, 1.625, 1.6667, 1.7083, 1.75, 1.7917, 1.8333, 1.875, 1.9167, 1.9583, 2.0, 2.0417, 2.0833, 2.125, 2.1667, 2.2083, 2.25, 2.2917, 2.3333, 2.375, 2.4167, 2.4583, 2.5, 2.5417, 2.5833, 2.625, 2.6667, 2.7083, 2.75, 2.7917, 2.8333, 2.875, 2.9167, 2.9583, 3.0, 3.0417, 3.0833, 3.125, 3.1667, 3.2083, 3.25, 3.2917, 3.3333, 3.375, 3.4167, 3.4583, 3.5, 3.5417, 3.5833, 3.625, 3.6667, 3.7083, 3.75, 3.7917, 3.8333, 3.875, 3.9167, 3.9583, 4.0, 4.0417, 4.0833, 4.125, 4.1667, 4.2083, 4.25, 4.2917, 4.3333, 4.375, 4.4167, 4.4583, 4.5, 4.5417, 4.5833, 4.625, 4.6667, 4.7083, 4.75, 4.7917, 4.8333, 4.875, 4.9167, 4.9583, 5.0, 5.0417, 5.0833, 5.125, 5.1667, 5.2083, 5.25, 5.2917, 5.3333, 5.375, 5.4167, 5.4583, 5.5, 5.5417, 5.5833, 5.625, 5.6667, 5.7083, 5.75, 5.7917, 5.8333, 5.875, 5.9167, 5.9583, 6.0, 6.0417, 6.0833, 6.125, 6.1667, 6.2083, 6.25, 6.2917, 6.3333, 6.375, 6.4167, 6.4583, 6.5, 6.5417, 6.5833, 6.625, 6.6667, 6.7083, 6.75, 6.7917, 6.8333, 6.875, 6.9167, 6.9583, 7.0, 7.0417, 7.0833, 7.125, 7.1667, 7.2083, 7.25, 7.2917, 7.3333, 7.375, 7.4167, 7.4583, 7.5, 7.5417, 7.5833, 7.625, 7.6667, 7.7083, 7.75, 7.7917, 7.8333, 7.875, 7.9167, 7.9583, 8.0, 8.0417, 8.0833, 8.125, 8.1667, 8.2083, 8.25],
            "transform": [
                [-1.0, 0.0, -0.0, -2.2e-05, -0.0, -0.0, 1.0, 4.1e-05, -0.0, 1.0, 0.0, 0.615211, 0.0, 0.0, 0.0, 1.0],
                [-1.0, 0.0, -0.0, -2.2e-05, -0.0, -0.0, 1.0, 4.1e-05, -0.0, 1.0, 0.0, 0.615211, 0.0, 0.0, 0.0, 1.0],
                [-1.0, 0.0, -0.0, -2.2e-05, -0.0, -0.0, 1.0, 4.1e-05, -0.0, 1.0, 0.0, 0.615211, 0.0, 0.0, 0.0, 1.0],
                [-1.0, 0.0, -0.0, -2.2e-05, -0.0, -0.0, 1.0, 4.1e-05, -0.0, 1.0, 0.0, 0.615211, 0.0, 0.0, 0.0, 1.0],
                [-1.0, 0.0, -0.0, -2.2e-05, -0.0, -0.0, 1.0, 4.1e-05, -0.0, 1.0, 0.0, 0.615211, 0.0, 0.0, 0.0, 1.0],
                [-1.0, 0.0, -0.0, -2.2e-05, -0.0, -0.0, 1.0, 4.1e-05, -0.0, 1.0, 0.0, 0.615211, 0.0, 0.0, 0.0, 1.0],
                [-1.0, 0.0, -0.0, -2.2e-05, -0.0, -0.0, 1.0, 4.1e-05, -0.0, 1.0, 0.0, 0.615211, 0.0, 0.0, 0.0, 1.0],
                [-1.0, 0.0, -0.0, -2.2e-05, -0.0, -0.0, 1.0, 4.1e-05, -0.0, 1.0, 0.0, 0.615211, 0.0, 0.0, 0.0, 1.0],
                [-1.0, 0.0, -0.0, -2.2e-05, -0.0, -0.0, 1.0, 4.1e-05, -0.0, 1.0, 0.0, 0.615211, 0.0, 0.0, 0.0, 1.0],
                [-1.0, 0.0, -0.0, -2.2e-05, -0.0, -0.0, 1.0, 4.1e-05, -0.0, 1.0, 0.0, 0.615211, 0.0, 0.0, 0.0, 1.0],
                [-1.0, 0.0, -0.0, -2.2e-05, -0.0, -0.0, 1.0, 4.1e-05, -0.0, 1.0, 0.0, 0.615211, 0.0, 0.0, 0.0, 1.0],
                [-1.0, 0.0, -0.0, -2.2e-05, -0.0, -0.0, 1.0, 4.1e-05, -0.0, 1.0, 0.0, 0.615211, 0.0, 0.0, 0.0, 1.0],
                [-1.0, 0.0, -0.0, -2.2e-05, -0.0, -0.0, 1.0, 4.1e-05, -0.0, 1.0, 0.0, 0.615211, 0.0, 0.0, 0.0, 1.0],
                [-1.0, 0.0, -0.0, -2.2e-05, -0.0, -0.0, 1.0, 4.1e-05, -0.0, 1.0, 0.0, 0.615211, 0.0, 0.0, 0.0, 1.0],
                [-1.0, 0.0, -0.0, -2.2e-05, -0.0, -0.0, 1.0, 4.1e-05, -0.0, 1.0, 0.0, 0.615211, 0.0, 0.0, 0.0, 1.0],
                [-1.0, 0.0, -0.0, -2.2e-05, -0.0, -0.0, 1.0, 4.1e-05, -0.0, 1.0, 0.0, 0.615211, 0.0, 0.0, 0.0, 1.0],
                [-1.0, 0.0, -0.0, -2.2e-05, -0.0, -0.0, 1.0, 4.1e-05, -0.0, 1.0, 0.0, 0.615211, 0.0, 0.0, 0.0, 1.0],
                [-1.0, 0.0, -0.0, -2.2e-05, -0.0, -0.0, 1.0, 4.1e-05, -0.0, 1.0, 0.0, 0.615211, 0.0, 0.0, 0.0, 1.0],
                [-1.0, 0.0, -0.0, -2.2e-05, -0.0, -0.0, 1.0, 4.1e-05, -0.0, 1.0, 0.0, 0.615211, 0.0, 0.0, 0.0, 1.0],
                [-1.0, 0.0, -0.0, -2.2e-05, -0.0, -0.0, 1.0, 4.1e-05, -0.0, 1.0, 0.0, 0.615211, 0.0, 0.0, 0.0, 1.0],
                [-1.0, 0.0, -0.0, -2.2e-05, -0.0, -0.0, 1.0, 4.1e-05, -0.0, 1.0, 0.0, 0.615211, 0.0, 0.0, 0.0, 1.0],
                [-1.0, 0.0, -0.0, -2.2e-05, -0.0, -0.0, 1.0, 4.1e-05, -0.0, 1.0, 0.0, 0.615211, 0.0, 0.0, 0.0, 1.0],
                [-1.0, 0.0, -0.0, -2.2e-05, -0.0, -0.0, 1.0, 4.1e-05, -0.0, 1.0, 0.0, 0.615211, 0.0, 0.0, 0.0, 1.0],
                [-1.0, 0.0, -0.0, -2.2e-05, -0.0, -0.0, 1.0, 4.1e-05, -0.0, 1.0, 0.0, 0.615211, 0.0, 0.0, 0.0, 1.0],
                [-1.0, 0.0, -0.0, -2.2e-05, -0.0, -0.0, 1.0, 4.1e-05, -0.0, 1.0, 0.0, 0.615211, 0.0, 0.0, 0.0, 1.0],
                [-1.0, 0.0, -0.0, -2.2e-05, -0.0, -0.0, 1.0, 4.1e-05, -0.0, 1.0, 0.0, 0.615211, 0.0, 0.0, 0.0, 1.0],
                [-1.0, 0.0, -0.0, -2.2e-05, -0.0, -0.0, 1.0, 4.1e-05, -0.0, 1.0, 0.0, 0.615211, 0.0, 0.0, 0.0, 1.0],
                [-1.0, 0.0, -0.0, -2.2e-05, -0.0, -0.0, 1.0, 4.1e-05, -0.0, 1.0, 0.0, 0.615211, 0.0, 0.0, 0.0, 1.0],
                [-1.0, 0.0, -0.0, -2.2e-05, -0.0, -0.0, 1.0, 4.1e-05, -0.0, 1.0, 0.0, 0.615211, 0.0, 0.0, 0.0, 1.0],
                [-1.0, 0.0, -0.0, -2.2e-05, -0.0, -0.0, 1.0, 4.1e-05, -0.0, 1.0, 0.0, 0.615211, 0.0, 0.0, 0.0, 1.0],
                [-1.0, 0.0, -0.0, -2.2e-05, -0.0, -0.0, 1.0, 4.1e-05, -0.0, 1.0, 0.0, 0.615211, 0.0, 0.0, 0.0, 1.0],
                [-1.0, 0.0, -0.0, -2.2e-05, -0.0, -0.0, 1.0, 4.1e-05, -0.0, 1.0, 0.0, 0.615211, 0.0, 0.0, 0.0, 1.0],
                [-1.0, 0.0, -0.0, -2.2e-05, -0.0, -0.0, 1.0, 4.1e-05, -0.0, 1.0, 0.0, 0.615211, 0.0, 0.0, 0.0, 1.0],
                [-1.0, 0.0, -0.0, -2.2e-05, -0.0, -0.0, 1.0, 4.1e-05, -0.0, 1.0, 0.0, 0.615211, 0.0, 0.0, 0.0, 1.0],
                [-1.0, 0.0, -0.0, -2.2e-05, -0.0, -0.0, 1.0, 4.1e-05, -0.0, 1.0, 0.0, 0.615211, 0.0, 0.0, 0.0, 1.0],
                [-1.0, 0.0, -0.0, -2.2e-05, -0.0, -0.0, 1.0, 4.1e-05, -0.0, 1.0, 0.0, 0.615211, 0.0, 0.0, 0.0, 1.0],
                [-1.0, 0.0, -0.0, -2.2e-05, -0.0, -0.0, 1.0, 4.1e-05, -0.0, 1.0, 0.0, 0.615211, 0.0, 0.0, 0.0, 1.0],
                [-1.0, 0.0, -0.0, -2.2e-05, -0.0, -0.0, 1.0, 4.1e-05, -0.0, 1.0, 0.0, 0.615211, 0.0, 0.0, 0.0, 1.0],
                [-1.0, 0.0, -0.0, -2.2e-05, -0.0, -0.0, 1.0, 4.1e-05, -0.0, 1.0, 0.0, 0.615211, 0.0, 0.0, 0.0, 1.0],
                [-1.0, 0.0, -0.0, -2.2e-05, -0.0, -0.0, 1.0, 4.1e-05, -0.0, 1.0, 0.0, 0.615211, 0.0, 0.0, 0.0, 1.0],
                [-1.0, 0.0, -0.0, -2.2e-05, -0.0, -0.0, 1.0, 4.1e-05, -0.0, 1.0, 0.0, 0.615211, 0.0, 0.0, 0.0, 1.0],
                [-1.0, 0.0, -0.0, -2.2e-05, -0.0, -0.0, 1.0, 4.1e-05, -0.0, 1.0, 0.0, 0.615211, 0.0, 0.0, 0.0, 1.0],
                [-1.0, 0.0, -0.0, -2.2e-05, -0.0, -0.0, 1.0, 4.1e-05, -0.0, 1.0, 0.0, 0.615211, 0.0, 0.0, 0.0, 1.0],
                [-1.0, 0.0, -0.0, -2.2e-05, -0.0, -0.0, 1.0, 4.1e-05, -0.0, 1.0, 0.0, 0.615211, 0.0, 0.0, 0.0, 1.0],
                [-1.0, 0.0, -0.0, -2.2e-05, -0.0, -0.0, 1.0, 4.1e-05, -0.0, 1.0, 0.0, 0.615211, 0.0, 0.0, 0.0, 1.0],
                [-1.0, 0.0, -0.0, -2.2e-05, -0.0, -0.0, 1.0, 4.1e-05, -0.0, 1.0, 0.0, 0.615211, 0.0, 0.0, 0.0, 1.0],
                [-1.0, 0.0, -0.0, -2.2e-05, -0.0, -0.0, 1.0, 4.1e-05, -0.0, 1.0, 0.0, 0.615211, 0.0, 0.0, 0.0, 1.0],
                [-1.0, 0.0, -0.0, -2.2e-05, -0.0, -0.0, 1.0, 4.1e-05, -0.0, 1.0, 0.0, 0.615211, 0.0, 0.0, 0.0, 1.0],
                [-1.0, 0.0, -0.0, -2.2e-05, -0.0, -0.0, 1.0, 4.1e-05, -0.0, 1.0, 0.0, 0.615211, 0.0, 0.0, 0.0, 1.0],
                [-1.0, 0.0, -0.0, -2.2e-05, -0.0, -0.0, 1.0, 4.1e-05, -0.0, 1.0, 0.0, 0.615211, 0.0, 0.0, 0.0, 1.0],
                [-1.0, 0.0, -0.0, -2.2e-05, -0.0, -0.0, 1.0, 4.1e-05, -0.0, 1.0, 0.0, 0.615211, 0.0, 0.0, 0.0, 1.0],
                [-1.0, 0.0, -0.0, -2.2e-05, -0.0, -0.0, 1.0, 4.1e-05, -0.0, 1.0, 0.0, 0.615211, 0.0, 0.0, 0.0, 1.0],
                [-1.0, 0.0, -0.0, -2.2e-05, -0.0, -0.0, 1.0, 4.1e-05, -0.0, 1.0, 0.0, 0.615211, 0.0, 0.0, 0.0, 1.0],
                [-1.0, 0.0, -0.0, -2.2e-05, -0.0, -0.0, 1.0, 4.1e-05, -0.0, 1.0, 0.0, 0.615211, 0.0, 0.0, 0.0, 1.0],
                [-1.0, 0.0, -0.0, -2.2e-05, -0.0, -0.0, 1.0, 4.1e-05, -0.0, 1.0, 0.0, 0.615211, 0.0, 0.0, 0.0, 1.0],
                [-1.0, 0.0, -0.0, -2.2e-05, -0.0, -0.0, 1.0, 4.1e-05, -0.0, 1.0, 0.0, 0.615211, 0.0, 0.0, 0.0, 1.0],
                [-1.0, 0.0, -0.0, -2.2e-05, -0.0, -0.0, 1.0, 4.1e-05, -0.0, 1.0, 0.0, 0.615211, 0.0, 0.0, 0.0, 1.0],
                [-1.0, 0.0, -0.0, -2.2e-05, -0.0, -0.0, 1.0, 4.1e-05, -0.0, 1.0, 0.0, 0.615211, 0.0, 0.0, 0.0, 1.0],
                [-1.0, 0.0, -0.0, -2.2e-05, -0.0, -0.0, 1.0, 4.1e-05, -0.0, 1.0, 0.0, 0.615211, 0.0, 0.0, 0.0, 1.0],
                [-1.0, 0.0, -0.0, -2.2e-05, -0.0, -0.0, 1.0, 4.1e-05, -0.0, 1.0, 0.0, 0.615211, 0.0, 0.0, 0.0, 1.0],
                [-1.0, 0.0, -0.0, -2.2e-05, -0.0, -0.0, 1.0, 4.1e-05, -0.0, 1.0, 0.0, 0.615211, 0.0, 0.0, 0.0, 1.0],
                [-1.0, 0.0, -0.0, -2.2e-05, -0.0, -0.0, 1.0, 4.1e-05, -0.0, 1.0, 0.0, 0.615211, 0.0, 0.0, 0.0, 1.0],
                [-1.0, 0.0, -0.0, -2.2e-05, -0.0, -0.0, 1.0, 4.1e-05, -0.0, 1.0, 0.0, 0.615211, 0.0, 0.0, 0.0, 1.0],
                [-1.0, 0.0, -0.0, -2.2e-05, -0.0, -0.0, 1.0, 4.1e-05, -0.0, 1.0, 0.0, 0.615211, 0.0, 0.0, 0.0, 1.0],
                [-1.0, 0.0, -0.0, -2.2e-05, -0.0, -0.0, 1.0, 4.1e-05, -0.0, 1.0, 0.0, 0.615211, 0.0, 0.0, 0.0, 1.0],
                [-1.0, 0.0, -0.0, -2.2e-05, -0.0, -0.0, 1.0, 4.1e-05, -0.0, 1.0, 0.0, 0.615211, 0.0, 0.0, 0.0, 1.0],
                [-1.0, 0.0, -0.0, -2.2e-05, -0.0, -0.0, 1.0, 4.1e-05, -0.0, 1.0, 0.0, 0.615211, 0.0, 0.0, 0.0, 1.0],
                [-1.0, 0.0, -0.0, -2.2e-05, -0.0, -0.0, 1.0, 4.1e-05, -0.0, 1.0, 0.0, 0.615211, 0.0, 0.0, 0.0, 1.0],
                [-1.0, 0.0, -0.0, -2.2e-05, -0.0, -0.0, 1.0, 4.1e-05, -0.0, 1.0, 0.0, 0.615211, 0.0, 0.0, 0.0, 1.0],
                [-1.0, 0.0, -0.0, -2.2e-05, -0.0, -0.0, 1.0, 4.1e-05, -0.0, 1.0, 0.0, 0.615211, 0.0, 0.0, 0.0, 1.0],
                [-1.0, 0.0, -0.0, -2.2e-05, -0.0, -0.0, 1.0, 4.1e-05, -0.0, 1.0, 0.0, 0.615211, 0.0, 0.0, 0.0, 1.0],
                [-1.0, 0.0, -0.0, -2.2e-05, -0.0, -0.0, 1.0, 4.1e-05, -0.0, 1.0, 0.0, 0.615211, 0.0, 0.0, 0.0, 1.0],
                [-1.0, 0.0, -0.0, -2.2e-05, -0.0, -0.0, 1.0, 4.1e-05, -0.0, 1.0, 0.0, 0.615211, 0.0, 0.0, 0.0, 1.0],
                [-1.0, 0.0, -0.0, -2.2e-05, -0.0, -0.0, 1.0, 4.1e-05, -0.0, 1.0, 0.0, 0.615211, 0.0, 0.0, 0.0, 1.0],
                [-1.0, 0.0, -0.0, -2.2e-05, -0.0, -0.0, 1.0, 4.1e-05, -0.0, 1.0, 0.0, 0.615211, 0.0, 0.0, 0.0, 1.0],
                [-1.0, 0.0, -0.0, -2.2e-05, -0.0, -0.0, 1.0, 4.1e-05, -0.0, 1.0, 0.0, 0.615211, 0.0, 0.0, 0.0, 1.0],
                [-1.0, 0.0, -0.0, -2.2e-05, -0.0, -0.0, 1.0, 4.1e-05, -0.0, 1.0, 0.0, 0.615211, 0.0, 0.0, 0.0, 1.0],
                [-1.0, 0.0, -0.0, -2.2e-05, -0.0, -0.0, 1.0, 4.1e-05, -0.0, 1.0, 0.0, 0.615211, 0.0, 0.0, 0.0, 1.0],
                [-1.0, 0.0, -0.0, -2.2e-05, -0.0, -0.0, 1.0, 4.1e-05, -0.0, 1.0, 0.0, 0.615211, 0.0, 0.0, 0.0, 1.0],
                [-1.0, 0.0, -0.0, -2.2e-05, -0.0, -0.0, 1.0, 4.1e-05, -0.0, 1.0, 0.0, 0.615211, 0.0, 0.0, 0.0, 1.0],
                [-1.0, 0.0, -0.0, -2.2e-05, -0.0, -0.0, 1.0, 4.1e-05, -0.0, 1.0, 0.0, 0.615211, 0.0, 0.0, 0.0, 1.0],
                [-1.0, 0.0, -0.0, -2.2e-05, -0.0, -0.0, 1.0, 4.1e-05, -0.0, 1.0, 0.0, 0.615211, 0.0, 0.0, 0.0, 1.0],
                [-1.0, 0.0, -0.0, -2.2e-05, -0.0, -0.0, 1.0, 4.1e-05, -0.0, 1.0, 0.0, 0.615211, 0.0, 0.0, 0.0, 1.0],
                [-1.0, 0.0, -0.0, -2.2e-05, -0.0, -0.0, 1.0, 4.1e-05, -0.0, 1.0, 0.0, 0.615211, 0.0, 0.0, 0.0, 1.0],
                [-1.0, 0.0, -0.0, -2.2e-05, -0.0, -0.0, 1.0, 4.1e-05, -0.0, 1.0, 0.0, 0.615211, 0.0, 0.0, 0.0, 1.0],
                [-1.0, 0.0, -0.0, -2.2e-05, -0.0, -0.0, 1.0, 4.1e-05, -0.0, 1.0, 0.0, 0.615211, 0.0, 0.0, 0.0, 1.0],
                [-1.0, 0.0, -0.0, -2.2e-05, -0.0, -0.0, 1.0, 4.1e-05, -0.0, 1.0, 0.0, 0.615211, 0.0, 0.0, 0.0, 1.0],
                [-1.0, 0.0, -0.0, -2.2e-05, -0.0, -0.0, 1.0, 4.1e-05, -0.0, 1.0, 0.0, 0.615211, 0.0, 0.0, 0.0, 1.0],
                [-1.0, 0.0, -0.0, -2.2e-05, -0.0, -0.0, 1.0, 4.1e-05, -0.0, 1.0, 0.0, 0.615211, 0.0, 0.0, 0.0, 1.0],
                [-1.0, 0.0, -0.0, -2.2e-05, -0.0, -0.0, 1.0, 4.1e-05, -0.0, 1.0, 0.0, 0.615211, 0.0, 0.0, 0.0, 1.0],
                [-1.0, 0.0, -0.0, -2.2e-05, -0.0, -0.0, 1.0, 4.1e-05, -0.0, 1.0, 0.0, 0.615211, 0.0, 0.0, 0.0, 1.0],
                [-1.0, 0.0, -0.0, -2.2e-05, -0.0, -0.0, 1.0, 4.1e-05, -0.0, 1.0, 0.0, 0.615211, 0.0, 0.0, 0.0, 1.0],
                [-1.0, 0.0, -0.0, -2.2e-05, -0.0, -0.0, 1.0, 4.1e-05, -0.0, 1.0, 0.0, 0.615211, 0.0, 0.0, 0.0, 1.0],
                [-1.0, 0.0, -0.0, -2.2e-05, -0.0, -0.0, 1.0, 4.1e-05, -0.0, 1.0, 0.0, 0.615211, 0.0, 0.0, 0.0, 1.0],
                [-1.0, 0.0, -0.0, -2.2e-05, -0.0, -0.0, 1.0, 4.1e-05, -0.0, 1.0, 0.0, 0.615211, 0.0, 0.0, 0.0, 1.0],
                [-1.0, 0.0, -0.0, -2.2e-05, -0.0, -0.0, 1.0, 4.1e-05, -0.0, 1.0, 0.0, 0.615211, 0.0, 0.0, 0.0, 1.0],
                [-1.0, 0.0, -0.0, -2.2e-05, -0.0, -0.0, 1.0, 4.1e-05, -0.0, 1.0, 0.0, 0.615211, 0.0, 0.0, 0.0, 1.0],
                [-1.0, 0.0, -0.0, -2.2e-05, -0.0, -0.0, 1.0, 4.1e-05, -0.0, 1.0, 0.0, 0.615211, 0.0, 0.0, 0.0, 1.0],
                [-1.0, 0.0, -0.0, -2.2e-05, -0.0, -0.0, 1.0, 4.1e-05, -0.0, 1.0, 0.0, 0.615211, 0.0, 0.0, 0.0, 1.0],
                [-1.0, 0.0, -0.0, -2.2e-05, -0.0, -0.0, 1.0, 4.1e-05, -0.0, 1.0, 0.0, 0.615211, 0.0, 0.0, 0.0, 1.0],
                [-1.0, 0.0, -0.0, -2.2e-05, -0.0, -0.0, 1.0, 4.1e-05, -0.0, 1.0, 0.0, 0.615211, 0.0, 0.0, 0.0, 1.0],
                [-1.0, 0.0, -0.0, -2.2e-05, -0.0, -0.0, 1.0, 4.1e-05, -0.0, 1.0, 0.0, 0.615211, 0.0, 0.0, 0.0, 1.0],
                [-1.0, 0.0, -0.0, -2.2e-05, -0.0, -0.0, 1.0, 4.1e-05, -0.0, 1.0, 0.0, 0.615211, 0.0, 0.0, 0.0, 1.0],
                [-1.0, 0.0, -0.0, -2.2e-05, -0.0, -0.0, 1.0, 4.1e-05, -0.0, 1.0, 0.0, 0.615211, 0.0, 0.0, 0.0, 1.0],
                [-1.0, 0.0, -0.0, -2.2e-05, -0.0, -0.0, 1.0, 4.1e-05, -0.0, 1.0, 0.0, 0.615211, 0.0, 0.0, 0.0, 1.0],
                [-1.0, 0.0, -0.0, -2.2e-05, -0.0, -0.0, 1.0, 4.1e-05, -0.0, 1.0, 0.0, 0.615211, 0.0, 0.0, 0.0, 1.0],
                [-1.0, 0.0, -0.0, -2.2e-05, -0.0, -0.0, 1.0, 4.1e-05, -0.0, 1.0, 0.0, 0.615211, 0.0, 0.0, 0.0, 1.0],
                [-1.0, 0.0, -0.0, -2.2e-05, -0.0, -0.0, 1.0, 4.1e-05, -0.0, 1.0, 0.0, 0.615211, 0.0, 0.0, 0.0, 1.0],
                [-1.0, 0.0, -0.0, -2.2e-05, -0.0, -0.0, 1.0, 4.1e-05, -0.0, 1.0, 0.0, 0.615211, 0.0, 0.0, 0.0, 1.0],
                [-1.0, 0.0, -0.0, -2.2e-05, -0.0, -0.0, 1.0, 4.1e-05, -0.0, 1.0, 0.0, 0.615211, 0.0, 0.0, 0.0, 1.0],
                [-1.0, 0.0, -0.0, -2.2e-05, -0.0, -0.0, 1.0, 4.1e-05, -0.0, 1.0, 0.0, 0.615211, 0.0, 0.0, 0.0, 1.0],
                [-1.0, 0.0, -0.0, -2.2e-05, -0.0, -0.0, 1.0, 4.1e-05, -0.0, 1.0, 0.0, 0.615211, 0.0, 0.0, 0.0, 1.0],
                [-1.0, 0.0, -0.0, -2.2e-05, -0.0, -0.0, 1.0, 4.1e-05, -0.0, 1.0, 0.0, 0.615211, 0.0, 0.0, 0.0, 1.0],
                [-1.0, 0.0, -0.0, -2.2e-05, -0.0, -0.0, 1.0, 4.1e-05, -0.0, 1.0, 0.0, 0.615211, 0.0, 0.0, 0.0, 1.0],
                [-1.0, 0.0, -0.0, -2.2e-05, -0.0, -0.0, 1.0, 4.1e-05, -0.0, 1.0, 0.0, 0.615211, 0.0, 0.0, 0.0, 1.0],
                [-1.0, 0.0, -0.0, -2.2e-05, -0.0, -0.0, 1.0, 4.1e-05, -0.0, 1.0, 0.0, 0.615211, 0.0, 0.0, 0.0, 1.0],
                [-1.0, 0.0, -0.0, -2.2e-05, -0.0, -0.0, 1.0, 4.1e-05, -0.0, 1.0, 0.0, 0.615211, 0.0, 0.0, 0.0, 1.0],
                [-1.0, 0.0, -0.0, -2.2e-05, -0.0, -0.0, 1.0, 4.1e-05, -0.0, 1.0, 0.0, 0.615211, 0.0, 0.0, 0.0, 1.0],
                [-1.0, 0.0, -0.0, -2.2e-05, -0.0, -0.0, 1.0, 4.1e-05, -0.0, 1.0, 0.0, 0.615211, 0.0, 0.0, 0.0, 1.0],
                [-1.0, 0.0, -0.0, -2.2e-05, -0.0, -0.0, 1.0, 4.1e-05, -0.0, 1.0, 0.0, 0.615211, 0.0, 0.0, 0.0, 1.0],
                [-1.0, 0.0, -0.0, -2.2e-05, -0.0, -0.0, 1.0, 4.1e-05, -0.0, 1.0, 0.0, 0.615211, 0.0, 0.0, 0.0, 1.0],
                [-1.0, 0.0, -0.0, -2.2e-05, -0.0, -0.0, 1.0, 4.1e-05, -0.0, 1.0, 0.0, 0.615211, 0.0, 0.0, 0.0, 1.0],
                [-1.0, 0.0, -0.0, -2.2e-05, -0.0, -0.0, 1.0, 4.1e-05, -0.0, 1.0, 0.0, 0.615211, 0.0, 0.0, 0.0, 1.0],
                [-1.0, 0.0, -0.0, -2.2e-05, -0.0, -0.0, 1.0, 4.1e-05, -0.0, 1.0, 0.0, 0.615211, 0.0, 0.0, 0.0, 1.0],
                [-1.0, 0.0, -0.0, -2.2e-05, -0.0, -0.0, 1.0, 4.1e-05, -0.0, 1.0, 0.0, 0.615211, 0.0, 0.0, 0.0, 1.0],
                [-1.0, 0.0, -0.0, -2.2e-05, -0.0, -0.0, 1.0, 4.1e-05, -0.0, 1.0, 0.0, 0.615211, 0.0, 0.0, 0.0, 1.0],
                [-1.0, 0.0, -0.0, -2.2e-05, -0.0, -0.0, 1.0, 4.1e-05, -0.0, 1.0, 0.0, 0.615211, 0.0, 0.0, 0.0, 1.0],
                [-1.0, 0.0, -0.0, -2.2e-05, -0.0, -0.0, 1.0, 4.1e-05, -0.0, 1.0, 0.0, 0.615211, 0.0, 0.0, 0.0, 1.0],
                [-1.0, 0.0, -0.0, -2.2e-05, -0.0, -0.0, 1.0, 4.1e-05, -0.0, 1.0, 0.0, 0.615211, 0.0, 0.0, 0.0, 1.0],
                [-1.0, 0.0, -0.0, -2.2e-05, -0.0, -0.0, 1.0, 4.1e-05, -0.0, 1.0, 0.0, 0.615211, 0.0, 0.0, 0.0, 1.0],
                [-1.0, 0.0, -0.0, -2.2e-05, -0.0, -0.0, 1.0, 4.1e-05, -0.0, 1.0, 0.0, 0.615211, 0.0, 0.0, 0.0, 1.0],
                [-1.0, 0.0, -0.0, -2.2e-05, -0.0, -0.0, 1.0, 4.1e-05, -0.0, 1.0, 0.0, 0.615211, 0.0, 0.0, 0.0, 1.0],
                [-1.0, 0.0, -0.0, -2.2e-05, -0.0, -0.0, 1.0, 4.1e-05, -0.0, 1.0, 0.0, 0.615211, 0.0, 0.0, 0.0, 1.0],
                [-1.0, 0.0, -0.0, -2.2e-05, -0.0, -0.0, 1.0, 4.1e-05, -0.0, 1.0, 0.0, 0.615211, 0.0, 0.0, 0.0, 1.0],
                [-1.0, 0.0, -0.0, -2.2e-05, -0.0, -0.0, 1.0, 4.1e-05, -0.0, 1.0, 0.0, 0.615211, 0.0, 0.0, 0.0, 1.0],
                [-1.0, 0.0, -0.0, -2.2e-05, -0.0, -0.0, 1.0, 4.1e-05, -0.0, 1.0, 0.0, 0.615211, 0.0, 0.0, 0.0, 1.0],
                [-1.0, 0.0, -0.0, -2.2e-05, -0.0, -0.0, 1.0, 4.1e-05, -0.0, 1.0, 0.0, 0.615211, 0.0, 0.0, 0.0, 1.0],
                [-1.0, 0.0, -0.0, -2.2e-05, -0.0, -0.0, 1.0, 4.1e-05, -0.0, 1.0, 0.0, 0.615211, 0.0, 0.0, 0.0, 1.0],
                [-1.0, 0.0, -0.0, -2.2e-05, -0.0, -0.0, 1.0, 4.1e-05, -0.0, 1.0, 0.0, 0.615211, 0.0, 0.0, 0.0, 1.0],
                [-1.0, 0.0, -0.0, -2.2e-05, -0.0, -0.0, 1.0, 4.1e-05, -0.0, 1.0, 0.0, 0.615211, 0.0, 0.0, 0.0, 1.0],
                [-1.0, 0.0, -0.0, -2.2e-05, -0.0, -0.0, 1.0, 4.1e-05, -0.0, 1.0, 0.0, 0.615211, 0.0, 0.0, 0.0, 1.0],
                [-1.0, 0.0, -0.0, -2.2e-05, -0.0, -0.0, 1.0, 4.1e-05, -0.0, 1.0, 0.0, 0.615211, 0.0, 0.0, 0.0, 1.0],
                [-1.0, 0.0, -0.0, -2.2e-05, -0.0, -0.0, 1.0, 4.1e-05, -0.0, 1.0, 0.0, 0.615211, 0.0, 0.0, 0.0, 1.0],
                [-1.0, 0.0, -0.0, -2.2e-05, -0.0, -0.0, 1.0, 4.1e-05, -0.0, 1.0, 0.0, 0.615211, 0.0, 0.0, 0.0, 1.0],
                [-1.0, 0.0, -0.0, -2.2e-05, -0.0, -0.0, 1.0, 4.1e-05, -0.0, 1.0, 0.0, 0.615211, 0.0, 0.0, 0.0, 1.0],
                [-1.0, 0.0, -0.0, -2.2e-05, -0.0, -0.0, 1.0, 4.1e-05, -0.0, 1.0, 0.0, 0.615211, 0.0, 0.0, 0.0, 1.0],
                [-1.0, 0.0, -0.0, -2.2e-05, -0.0, -0.0, 1.0, 4.1e-05, -0.0, 1.0, 0.0, 0.615211, 0.0, 0.0, 0.0, 1.0],
                [-1.0, 0.0, -0.0, -2.2e-05, -0.0, -0.0, 1.0, 4.1e-05, -0.0, 1.0, 0.0, 0.615211, 0.0, 0.0, 0.0, 1.0],
                [-1.0, 0.0, -0.0, -2.2e-05, -0.0, -0.0, 1.0, 4.1e-05, -0.0, 1.0, 0.0, 0.615211, 0.0, 0.0, 0.0, 1.0],
                [-1.0, 0.0, -0.0, -2.2e-05, -0.0, -0.0, 1.0, 4.1e-05, -0.0, 1.0, 0.0, 0.615211, 0.0, 0.0, 0.0, 1.0],
                [-1.0, 0.0, -0.0, -2.2e-05, -0.0, -0.0, 1.0, 4.1e-05, -0.0, 1.0, 0.0, 0.615211, 0.0, 0.0, 0.0, 1.0],
                [-1.0, 0.0, -0.0, -2.2e-05, -0.0, -0.0, 1.0, 4.1e-05, -0.0, 1.0, 0.0, 0.615211, 0.0, 0.0, 0.0, 1.0],
                [-1.0, 0.0, -0.0, -2.2e-05, -0.0, -0.0, 1.0, 4.1e-05, -0.0, 1.0, 0.0, 0.615211, 0.0, 0.0, 0.0, 1.0],
                [-1.0, 0.0, -0.0, -2.2e-05, -0.0, -0.0, 1.0, 4.1e-05, -0.0, 1.0, 0.0, 0.615211, 0.0, 0.0, 0.0, 1.0],
                [-1.0, 0.0, -0.0, -2.2e-05, -0.0, -0.0, 1.0, 4.1e-05, -0.0, 1.0, 0.0, 0.615211, 0.0, 0.0, 0.0, 1.0],
                [-1.0, 0.0, -0.0, -2.2e-05, -0.0, -0.0, 1.0, 4.1e-05, -0.0, 1.0, 0.0, 0.615211, 0.0, 0.0, 0.0, 1.0],
                [-1.0, 0.0, -0.0, -2.2e-05, -0.0, -0.0, 1.0, 4.1e-05, -0.0, 1.0, 0.0, 0.615211, 0.0, 0.0, 0.0, 1.0],
                [-1.0, 0.0, -0.0, -2.2e-05, -0.0, -0.0, 1.0, 4.1e-05, -0.0, 1.0, 0.0, 0.615211, 0.0, 0.0, 0.0, 1.0],
                [-1.0, 0.0, -0.0, -2.2e-05, -0.0, -0.0, 1.0, 4.1e-05, -0.0, 1.0, 0.0, 0.615211, 0.0, 0.0, 0.0, 1.0],
                [-1.0, 0.0, -0.0, -2.2e-05, -0.0, -0.0, 1.0, 4.1e-05, -0.0, 1.0, 0.0, 0.615211, 0.0, 0.0, 0.0, 1.0],
                [-1.0, 0.0, -0.0, -2.2e-05, -0.0, -0.0, 1.0, 4.1e-05, -0.0, 1.0, 0.0, 0.615211, 0.0, 0.0, 0.0, 1.0],
                [-1.0, 0.0, -0.0, -2.2e-05, -0.0, -0.0, 1.0, 4.1e-05, -0.0, 1.0, 0.0, 0.615211, 0.0, 0.0, 0.0, 1.0],
                [-1.0, 0.0, -0.0, -2.2e-05, -0.0, -0.0, 1.0, 4.1e-05, -0.0, 1.0, 0.0, 0.615211, 0.0, 0.0, 0.0, 1.0],
                [-1.0, 0.0, -0.0, -2.2e-05, -0.0, -0.0, 1.0, 4.1e-05, -0.0, 1.0, 0.0, 0.615211, 0.0, 0.0, 0.0, 1.0],
                [-1.0, 0.0, -0.0, -2.2e-05, -0.0, -0.0, 1.0, 4.1e-05, -0.0, 1.0, 0.0, 0.615211, 0.0, 0.0, 0.0, 1.0],
                [-1.0, 0.0, -0.0, -2.2e-05, -0.0, -0.0, 1.0, 4.1e-05, -0.0, 1.0, 0.0, 0.615211, 0.0, 0.0, 0.0, 1.0],
                [-1.0, 0.0, -0.0, -2.2e-05, -0.0, -0.0, 1.0, 4.1e-05, -0.0, 1.0, 0.0, 0.615211, 0.0, 0.0, 0.0, 1.0],
                [-1.0, 0.0, -0.0, -2.2e-05, -0.0, -0.0, 1.0, 4.1e-05, -0.0, 1.0, 0.0, 0.615211, 0.0, 0.0, 0.0, 1.0],
                [-1.0, 0.0, -0.0, -2.2e-05, -0.0, -0.0, 1.0, 4.1e-05, -0.0, 1.0, 0.0, 0.615211, 0.0, 0.0, 0.0, 1.0],
                [-1.0, 0.0, -0.0, -2.2e-05, -0.0, -0.0, 1.0, 4.1e-05, -0.0, 1.0, 0.0, 0.615211, 0.0, 0.0, 0.0, 1.0],
                [-1.0, 0.0, -0.0, -2.2e-05, -0.0, -0.0, 1.0, 4.1e-05, -0.0, 1.0, 0.0, 0.615211, 0.0, 0.0, 0.0, 1.0],
                [-1.0, 0.0, -0.0, -2.2e-05, -0.0, -0.0, 1.0, 4.1e-05, -0.0, 1.0, 0.0, 0.615211, 0.0, 0.0, 0.0, 1.0],
                [-1.0, 0.0, -0.0, -2.2e-05, -0.0, -0.0, 1.0, 4.1e-05, -0.0, 1.0, 0.0, 0.615211, 0.0, 0.0, 0.0, 1.0],
                [-1.0, 0.0, -0.0, -2.2e-05, -0.0, -0.0, 1.0, 4.1e-05, -0.0, 1.0, 0.0, 0.615211, 0.0, 0.0, 0.0, 1.0],
                [-1.0, 0.0, -0.0, -2.2e-05, -0.0, -0.0, 1.0, 4.1e-05, -0.0, 1.0, 0.0, 0.615211, 0.0, 0.0, 0.0, 1.0],
                [-1.0, 0.0, -0.0, -2.2e-05, -0.0, -0.0, 1.0, 4.1e-05, -0.0, 1.0, 0.0, 0.615211, 0.0, 0.0, 0.0, 1.0],
                [-1.0, 0.0, -0.0, -2.2e-05, -0.0, -0.0, 1.0, 4.1e-05, -0.0, 1.0, 0.0, 0.615211, 0.0, 0.0, 0.0, 1.0],
                [-1.0, 0.0, -0.0, -2.2e-05, -0.0, -0.0, 1.0, 4.1e-05, -0.0, 1.0, 0.0, 0.615211, 0.0, 0.0, 0.0, 1.0],
                [-1.0, 0.0, -0.0, -2.2e-05, -0.0, -0.0, 1.0, 4.1e-05, -0.0, 1.0, 0.0, 0.615211, 0.0, 0.0, 0.0, 1.0],
                [-1.0, 0.0, -0.0, -2.2e-05, -0.0, -0.0, 1.0, 4.1e-05, -0.0, 1.0, 0.0, 0.615211, 0.0, 0.0, 0.0, 1.0],
                [-1.0, 0.0, -0.0, -2.2e-05, -0.0, -0.0, 1.0, 4.1e-05, -0.0, 1.0, 0.0, 0.615211, 0.0, 0.0, 0.0, 1.0],
                [-1.0, 0.0, -0.0, -2.2e-05, -0.0, -0.0, 1.0, 4.1e-05, -0.0, 1.0, 0.0, 0.615211, 0.0, 0.0, 0.0, 1.0],
                [-1.0, 0.0, -0.0, -2.2e-05, -0.0, -0.0, 1.0, 4.1e-05, -0.0, 1.0, 0.0, 0.615211, 0.0, 0.0, 0.0, 1.0],
                [-1.0, 0.0, -0.0, -2.2e-05, -0.0, -0.0, 1.0, 4.1e-05, -0.0, 1.0, 0.0, 0.615211, 0.0, 0.0, 0.0, 1.0],
                [-1.0, 0.0, -0.0, -2.2e-05, -0.0, -0.0, 1.0, 4.1e-05, -0.0, 1.0, 0.0, 0.615211, 0.0, 0.0, 0.0, 1.0],
                [-1.0, 0.0, -0.0, -2.2e-05, -0.0, -0.0, 1.0, 4.1e-05, -0.0, 1.0, 0.0, 0.615211, 0.0, 0.0, 0.0, 1.0],
                [-1.0, 0.0, -0.0, -2.2e-05, -0.0, -0.0, 1.0, 4.1e-05, -0.0, 1.0, 0.0, 0.615211, 0.0, 0.0, 0.0, 1.0],
                [-1.0, 0.0, -0.0, -2.2e-05, -0.0, -0.0, 1.0, 4.1e-05, -0.0, 1.0, 0.0, 0.615211, 0.0, 0.0, 0.0, 1.0],
                [-1.0, 0.0, -0.0, -2.2e-05, -0.0, -0.0, 1.0, 4.1e-05, -0.0, 1.0, 0.0, 0.615211, 0.0, 0.0, 0.0, 1.0],
                [-1.0, 0.0, -0.0, -2.2e-05, -0.0, -0.0, 1.0, 4.1e-05, -0.0, 1.0, 0.0, 0.615211, 0.0, 0.0, 0.0, 1.0],
                [-1.0, 0.0, -0.0, -2.2e-05, -0.0, -0.0, 1.0, 4.1e-05, -0.0, 1.0, 0.0, 0.615211, 0.0, 0.0, 0.0, 1.0],
                [-1.0, 0.0, -0.0, -2.2e-05, -0.0, -0.0, 1.0, 4.1e-05, -0.0, 1.0, 0.0, 0.615211, 0.0, 0.0, 0.0, 1.0],
                [-1.0, 0.0, -0.0, -2.2e-05, -0.0, -0.0, 1.0, 4.1e-05, -0.0, 1.0, 0.0, 0.615211, 0.0, 0.0, 0.0, 1.0],
                [-1.0, 0.0, -0.0, -2.2e-05, -0.0, -0.0, 1.0, 4.1e-05, -0.0, 1.0, 0.0, 0.615211, 0.0, 0.0, 0.0, 1.0],
                [-1.0, 0.0, -0.0, -2.2e-05, -0.0, -0.0, 1.0, 4.1e-05, -0.0, 1.0, 0.0, 0.615211, 0.0, 0.0, 0.0, 1.0],
                [-1.0, 0.0, -0.0, -2.2e-05, -0.0, -0.0, 1.0, 4.1e-05, -0.0, 1.0, 0.0, 0.615211, 0.0, 0.0, 0.0, 1.0],
                [-1.0, 0.0, -0.0, -2.2e-05, -0.0, -0.0, 1.0, 4.1e-05, -0.0, 1.0, 0.0, 0.615211, 0.0, 0.0, 0.0, 1.0],
                [-1.0, 0.0, -0.0, -2.2e-05, -0.0, -0.0, 1.0, 4.1e-05, -0.0, 1.0, 0.0, 0.615211, 0.0, 0.0, 0.0, 1.0],
                [-1.0, 0.0, -0.0, -2.2e-05, -0.0, -0.0, 1.0, 4.1e-05, -0.0, 1.0, 0.0, 0.615211, 0.0, 0.0, 0.0, 1.0]
            ]
        },
        {
            "name": "Thigh_R",
            "time": [0.0, 0.0417, 0.0833, 0.125, 0.1667, 0.2083, 0.25, 0.2917, 0.3333, 0.375, 0.4167, 0.4583, 0.5, 0.5417, 0.5833, 0.625, 0.6667, 0.7083, 0.75, 0.7917, 0.8333, 0.875, 0.9167, 0.9583, 1.0, 1.0417, 1.0833, 1.125, 1.1667, 1.2083, 1.25, 1.2917, 1.3333, 1.375, 1.4167, 1.4583, 1.5, 1.5417, 1.5833, 1.625, 1.6667, 1.7083, 1.75, 1.7917, 1.8333, 1.875, 1.9167, 1.9583, 2.0, 2.0417, 2.0833, 2.125, 2.1667, 2.2083, 2.25, 2.2917, 2.3333, 2.375, 2.4167, 2.4583, 2.5, 2.5417, 2.5833, 2.625, 2.6667, 2.7083, 2.75, 2.7917, 2.8333, 2.875, 2.9167, 2.9583, 3.0, 3.0417, 3.0833, 3.125, 3.1667, 3.2083, 3.25, 3.2917, 3.3333, 3.375, 3.4167, 3.4583, 3.5, 3.5417, 3.5833, 3.625, 3.6667, 3.7083, 3.75, 3.7917, 3.8333, 3.875, 3.9167, 3.9583, 4.0, 4.0417, 4.0833, 4.125, 4.1667, 4.2083, 4.25, 4.2917, 4.3333, 4.375, 4.4167, 4.4583, 4.5, 4.5417, 4.5833, 4.625, 4.6667, 4.7083, 4.75, 4.7917, 4.8333, 4.875, 4.9167, 4.9583, 5.0, 5.0417, 5.0833, 5.125, 5.1667, 5.2083, 5.25, 5.2917, 5.3333, 5.375, 5.4167, 5.4583, 5.5, 5.5417, 5.5833, 5.625, 5.6667, 5.7083, 5.75, 5.7917, 5.8333, 5.875, 5.9167, 5.9583, 6.0, 6.0417, 6.0833, 6.125, 6.1667, 6.2083, 6.25, 6.2917, 6.3333, 6.375, 6.4167, 6.4583, 6.5, 6.5417, 6.5833, 6.625, 6.6667, 6.7083, 6.75, 6.7917, 6.8333, 6.875, 6.9167, 6.9583, 7.0, 7.0417, 7.0833, 7.125, 7.1667, 7.2083, 7.25, 7.2917, 7.3333, 7.375, 7.4167, 7.4583, 7.5, 7.5417, 7.5833, 7.625, 7.6667, 7.7083, 7.75, 7.7917, 7.8333, 7.875, 7.9167, 7.9583, 8.0, 8.0417, 8.0833, 8.125, 8.1667, 8.2083, 8.25],
            "transform": [
                [-0.292441, 0.661062, 0.690999, 0.096351, -0.472819, -0.728038, 0.496393, 0.058237, 0.831219, -0.181551, 0.52547, 0.033027, 0.0, 0.0, 0.0, 1.0],
                [-0.292607, 0.661212, 0.690784, 0.096351, -0.472924, -0.727933, 0.496446, 0.058238, 0.8311, -0.181424, 0.5257, 0.033027, 0.0, 0.0, 0.0, 1.0],
                [-0.292769, 0.66137, 0.690564, 0.096352, -0.473026, -0.727823, 0.496511, 0.058238, 0.830986, -0.181291, 0.525927, 0.033028, 0.0, 0.0, 0.0, 1.0],
                [-0.292925, 0.661535, 0.69034, 0.096351, -0.473124, -0.727707, 0.496587, 0.058238, 0.830875, -0.181153, 0.52615, 0.033028, 0.0, 0.0, 0.0, 1.0],
                [-0.293083, 0.661698, 0.690116, 0.096351, -0.473215, -0.727594, 0.496665, 0.058237, 0.830767, -0.181009, 0.526369, 0.033027, 0.0, 0.0, 0.0, 1.0],
                [-0.293423, 0.661844, 0.689831, 0.096351, -0.473334, -0.727516, 0.496665, 0.058239, 0.830578, -0.180787, 0.526743, 0.033027, 0.0, 0.0, 0.0, 1.0],
                [-0.293771, 0.662055, 0.689482, 0.096351, -0.473444, -0.727395, 0.496739, 0.058238, 0.830394, -0.180503, 0.527132, 0.033027, 0.0, 0.0, 0.0, 1.0],
                [-0.294174, 0.662257, 0.689115, 0.096351, -0.473555, -0.727288, 0.496789, 0.058238, 0.830187, -0.180191, 0.527564, 0.033027, 0.0, 0.0, 0.0, 1.0],
                [-0.294577, 0.66246, 0.688747, 0.096351, -0.473659, -0.727182, 0.496845, 0.058238, 0.829984, -0.179872, 0.527991, 0.033027, 0.0, 0.0, 0.0, 1.0],
                [-0.294955, 0.662647, 0.688406, 0.096351, -0.473752, -0.727087, 0.496897, 0.058238, 0.829798, -0.179571, 0.528387, 0.033027, 0.0, 0.0, 0.0, 1.0],
                [-0.295332, 0.662834, 0.688064, 0.096351, -0.473837, -0.726992, 0.496953, 0.058238, 0.829614, -0.179264, 0.528778, 0.033027, 0.0, 0.0, 0.0, 1.0],
                [-0.295599, 0.66305, 0.687741, 0.096351, -0.473929, -0.726858, 0.497063, 0.058238, 0.829467, -0.179009, 0.529096, 0.033027, 0.0, 0.0, 0.0, 1.0],
                [-0.295866, 0.663267, 0.687417, 0.096351, -0.474013, -0.726725, 0.497177, 0.058238, 0.829323, -0.178746, 0.529409, 0.033028, 0.0, 0.0, 0.0, 1.0],
                [-0.295831, 0.663312, 0.68739, 0.096351, -0.474039, -0.726682, 0.497216, 0.058238, 0.829323, -0.178757, 0.529409, 0.033027, 0.0, 0.0, 0.0, 1.0],
                [-0.295796, 0.663357, 0.687361, 0.096351, -0.474056, -0.72664, 0.49726, 0.058238, 0.829324, -0.17876, 0.529404, 0.033028, 0.0, 0.0, 0.0, 1.0],
                [-0.295761, 0.663402, 0.687333, 0.096351, -0.474067, -0.726599, 0.49731, 0.058238, 0.829331, -0.178757, 0.529395, 0.033027, 0.0, 0.0, 0.0, 1.0],
                [-0.295725, 0.663448, 0.687304, 0.096352, -0.474071, -0.72656, 0.497364, 0.058237, 0.829342, -0.178747, 0.529382, 0.033028, 0.0, 0.0, 0.0, 1.0],
                [-0.29569, 0.663494, 0.687273, 0.096351, -0.474067, -0.726521, 0.497423, 0.058237, 0.829356, -0.17873, 0.529364, 0.033027, 0.0, 0.0, 0.0, 1.0],
                [-0.295654, 0.663541, 0.687244, 0.096351, -0.474056, -0.726484, 0.497487, 0.058238, 0.829374, -0.178708, 0.529342, 0.033028, 0.0, 0.0, 0.0, 1.0],
                [-0.295608, 0.663602, 0.687205, 0.096352, -0.474067, -0.72643, 0.497556, 0.058238, 0.829386, -0.178699, 0.52933, 0.033027, 0.0, 0.0, 0.0, 1.0],
                [-0.295562, 0.663664, 0.687165, 0.096351, -0.474071, -0.726378, 0.497629, 0.058237, 0.8294, -0.178684, 0.529312, 0.033026, 0.0, 0.0, 0.0, 1.0],
                [-0.295516, 0.663726, 0.687125, 0.096351, -0.47407, -0.726326, 0.497706, 0.058238, 0.829416, -0.178665, 0.529292, 0.033027, 0.0, 0.0, 0.0, 1.0],
                [-0.29547, 0.663789, 0.687085, 0.096351, -0.474063, -0.726274, 0.497788, 0.058238, 0.829437, -0.17864, 0.529269, 0.033028, 0.0, 0.0, 0.0, 1.0],
                [-0.295423, 0.663852, 0.687044, 0.096351, -0.474052, -0.726224, 0.497872, 0.058238, 0.82946, -0.178611, 0.529242, 0.033027, 0.0, 0.0, 0.0, 1.0],
                [-0.295376, 0.663915, 0.687002, 0.096351, -0.474035, -0.726174, 0.49796, 0.058238, 0.829486, -0.178577, 0.529213, 0.033028, 0.0, 0.0, 0.0, 1.0],
                [-0.29533, 0.663977, 0.686962, 0.096351, -0.474011, -0.726128, 0.498051, 0.058238, 0.829516, -0.178538, 0.529179, 0.033026, 0.0, 0.0, 0.0, 1.0],
                [-0.295211, 0.664049, 0.686943, 0.096351, -0.473971, -0.726065, 0.49818, 0.058239, 0.829581, -0.178523, 0.529082, 0.033027, 0.0, 0.0, 0.0, 1.0],
                [-0.295092, 0.664122, 0.686925, 0.096351, -0.473929, -0.726003, 0.498311, 0.058237, 0.829648, -0.178505, 0.528983, 0.033027, 0.0, 0.0, 0.0, 1.0],
                [-0.294973, 0.664194, 0.686906, 0.096351, -0.473883, -0.725942, 0.498444, 0.058238, 0.829717, -0.178485, 0.528882, 0.033028, 0.0, 0.0, 0.0, 1.0],
                [-0.294853, 0.664267, 0.686887, 0.096351, -0.473835, -0.725881, 0.498578, 0.058238, 0.829786, -0.178463, 0.528781, 0.033026, 0.0, 0.0, 0.0, 1.0],
                [-0.294734, 0.664199, 0.687004, 0.096351, -0.473786, -0.725922, 0.498565, 0.058238, 0.829857, -0.178549, 0.528641, 0.033028, 0.0, 0.0, 0.0, 1.0],
                [-0.294522, 0.664143, 0.687148, 0.096351, -0.473721, -0.725943, 0.498596, 0.058238, 0.829969, -0.178668, 0.528424, 0.033027, 0.0, 0.0, 0.0, 1.0],
                [-0.294315, 0.664083, 0.687295, 0.096351, -0.473644, -0.725971, 0.498627, 0.058237, 0.830086, -0.178779, 0.528201, 0.033027, 0.0, 0.0, 0.0, 1.0],
                [-0.294108, 0.664022, 0.687443, 0.096351, -0.473567, -0.726, 0.498659, 0.058237, 0.830204, -0.17889, 0.527979, 0.033026, 0.0, 0.0, 0.0, 1.0],
                [-0.293873, 0.663881, 0.687679, 0.096351, -0.473481, -0.726083, 0.498618, 0.058237, 0.830335, -0.179072, 0.52771, 0.033027, 0.0, 0.0, 0.0, 1.0],
                [-0.293639, 0.66374, 0.687916, 0.096351, -0.473396, -0.726167, 0.498578, 0.058238, 0.830467, -0.179255, 0.527442, 0.033027, 0.0, 0.0, 0.0, 1.0],
                [-0.293351, 0.663607, 0.688167, 0.096351, -0.473303, -0.726239, 0.498561, 0.058237, 0.830622, -0.179458, 0.527129, 0.033027, 0.0, 0.0, 0.0, 1.0],
                [-0.293063, 0.663405, 0.688483, 0.096351, -0.47321, -0.72636, 0.498473, 0.058238, 0.830775, -0.179712, 0.526798, 0.033029, 0.0, 0.0, 0.0, 1.0],
                [-0.29274, 0.663209, 0.68881, 0.096351, -0.473113, -0.726472, 0.498402, 0.058238, 0.830946, -0.179982, 0.526439, 0.03303, 0.0, 0.0, 0.0, 1.0],
                [-0.292412, 0.66299, 0.68916, 0.096351, -0.473025, -0.726598, 0.498301, 0.058237, 0.83111, -0.180279, 0.526076, 0.033028, 0.0, 0.0, 0.0, 1.0],
                [-0.292066, 0.662773, 0.689515, 0.096351, -0.472936, -0.72672, 0.498209, 0.058238, 0.831284, -0.180586, 0.525698, 0.033027, 0.0, 0.0, 0.0, 1.0],
                [-0.291719, 0.662553, 0.689874, 0.096351, -0.472848, -0.726844, 0.498111, 0.058238, 0.831455, -0.180897, 0.52532, 0.033027, 0.0, 0.0, 0.0, 1.0],
                [-0.29137, 0.662332, 0.690233, 0.096351, -0.472763, -0.726967, 0.498013, 0.058238, 0.831627, -0.18121, 0.524941, 0.033026, 0.0, 0.0, 0.0, 1.0],
                [-0.291021, 0.662127, 0.690578, 0.096352, -0.472679, -0.727079, 0.49793, 0.058237, 0.831797, -0.181513, 0.524567, 0.033027, 0.0, 0.0, 0.0, 1.0],
                [-0.29068, 0.66192, 0.69092, 0.096351, -0.472594, -0.727193, 0.497844, 0.058237, 0.831964, -0.181811, 0.524198, 0.033026, 0.0, 0.0, 0.0, 1.0],
                [-0.290338, 0.66173, 0.691245, 0.096351, -0.472503, -0.727295, 0.497781, 0.058238, 0.832136, -0.18209, 0.52383, 0.033026, 0.0, 0.0, 0.0, 1.0],
                [-0.289989, 0.661551, 0.691563, 0.096351, -0.472423, -0.727387, 0.497723, 0.058239, 0.832303, -0.182375, 0.523465, 0.033028, 0.0, 0.0, 0.0, 1.0],
                [-0.28964, 0.661377, 0.691876, 0.096351, -0.472337, -0.727476, 0.497674, 0.058239, 0.832473, -0.182651, 0.523097, 0.033028, 0.0, 0.0, 0.0, 1.0],
                [-0.289278, 0.661204, 0.692193, 0.096351, -0.472241, -0.727564, 0.497637, 0.058238, 0.832654, -0.182926, 0.522715, 0.033028, 0.0, 0.0, 0.0, 1.0],
                [-0.288915, 0.661027, 0.692513, 0.096351, -0.472139, -0.727656, 0.497598, 0.058238, 0.832838, -0.183198, 0.522326, 0.033028, 0.0, 0.0, 0.0, 1.0],
                [-0.288536, 0.660853, 0.692838, 0.096351, -0.472027, -0.727747, 0.497573, 0.058238, 0.833033, -0.18347, 0.52192, 0.033028, 0.0, 0.0, 0.0, 1.0],
                [-0.288157, 0.660671, 0.693168, 0.096351, -0.471908, -0.727843, 0.497544, 0.058238, 0.83323, -0.18374, 0.521508, 0.033028, 0.0, 0.0, 0.0, 1.0],
                [-0.287762, 0.660497, 0.693499, 0.096351, -0.47179, -0.727932, 0.497527, 0.058238, 0.833434, -0.184016, 0.521085, 0.033028, 0.0, 0.0, 0.0, 1.0],
                [-0.287366, 0.660315, 0.693836, 0.096351, -0.471665, -0.728027, 0.497505, 0.058238, 0.833641, -0.184291, 0.520656, 0.033028, 0.0, 0.0, 0.0, 1.0],
                [-0.286963, 0.660133, 0.694175, 0.096351, -0.471532, -0.728123, 0.497492, 0.058238, 0.833855, -0.184564, 0.520217, 0.033028, 0.0, 0.0, 0.0, 1.0],
                [-0.286588, 0.659951, 0.694503, 0.096351, -0.471394, -0.728224, 0.497474, 0.058238, 0.834062, -0.184814, 0.519795, 0.033028, 0.0, 0.0, 0.0, 1.0],
                [-0.286211, 0.659769, 0.694832, 0.096351, -0.47125, -0.728326, 0.497461, 0.058238, 0.834274, -0.18506, 0.51937, 0.033028, 0.0, 0.0, 0.0, 1.0],
                [-0.285833, 0.659581, 0.695166, 0.096351, -0.4711, -0.728434, 0.497445, 0.058238, 0.834488, -0.185305, 0.518938, 0.033028, 0.0, 0.0, 0.0, 1.0],
                [-0.285462, 0.659388, 0.695501, 0.096351, -0.470936, -0.72855, 0.497431, 0.058238, 0.834707, -0.185538, 0.518502, 0.033028, 0.0, 0.0, 0.0, 1.0],
                [-0.285091, 0.65919, 0.695841, 0.096351, -0.470767, -0.728671, 0.497414, 0.058239, 0.834929, -0.185769, 0.518061, 0.033028, 0.0, 0.0, 0.0, 1.0],
                [-0.284721, 0.658991, 0.69618, 0.096351, -0.470593, -0.728792, 0.497401, 0.058238, 0.835154, -0.185996, 0.517618, 0.033028, 0.0, 0.0, 0.0, 1.0],
                [-0.28435, 0.658785, 0.696527, 0.096351, -0.470414, -0.72892, 0.497382, 0.058239, 0.835381, -0.186225, 0.517169, 0.033028, 0.0, 0.0, 0.0, 1.0],
                [-0.283971, 0.658579, 0.696876, 0.096351, -0.470229, -0.729048, 0.497369, 0.058239, 0.835613, -0.186452, 0.51671, 0.033028, 0.0, 0.0, 0.0, 1.0],
                [-0.283591, 0.658363, 0.697235, 0.096351, -0.470041, -0.729183, 0.497349, 0.058239, 0.835848, -0.186685, 0.516246, 0.033028, 0.0, 0.0, 0.0, 1.0],
                [-0.283203, 0.658146, 0.697598, 0.096351, -0.469842, -0.729322, 0.497335, 0.058238, 0.836092, -0.186914, 0.515768, 0.033028, 0.0, 0.0, 0.0, 1.0],
                [-0.282814, 0.657918, 0.697971, 0.096351, -0.469639, -0.729467, 0.497313, 0.058239, 0.836339, -0.187146, 0.515286, 0.033028, 0.0, 0.0, 0.0, 1.0],
                [-0.28242, 0.65769, 0.698344, 0.096351, -0.469432, -0.729612, 0.497294, 0.058239, 0.836587, -0.187379, 0.514797, 0.033028, 0.0, 0.0, 0.0, 1.0],
                [-0.282027, 0.657458, 0.698723, 0.096351, -0.469223, -0.729763, 0.497272, 0.058238, 0.836837, -0.187613, 0.514306, 0.033028, 0.0, 0.0, 0.0, 1.0],
                [-0.281638, 0.657224, 0.699099, 0.096351, -0.469014, -0.729914, 0.497248, 0.058239, 0.837085, -0.187843, 0.513817, 0.033028, 0.0, 0.0, 0.0, 1.0],
                [-0.281249, 0.656991, 0.699474, 0.096351, -0.468803, -0.730064, 0.497225, 0.058238, 0.837334, -0.188071, 0.513328, 0.033028, 0.0, 0.0, 0.0, 1.0],
                [-0.280877, 0.656753, 0.699848, 0.096351, -0.468587, -0.730223, 0.497196, 0.058238, 0.83758, -0.188289, 0.512847, 0.033028, 0.0, 0.0, 0.0, 1.0],
                [-0.280502, 0.65652, 0.700216, 0.096351, -0.468371, -0.730377, 0.497173, 0.058238, 0.837825, -0.188503, 0.512366, 0.033028, 0.0, 0.0, 0.0, 1.0],
                [-0.280147, 0.656285, 0.700579, 0.096351, -0.46816, -0.730534, 0.49714, 0.058238, 0.838063, -0.18871, 0.511902, 0.033029, 0.0, 0.0, 0.0, 1.0],
                [-0.279792, 0.656059, 0.700932, 0.096351, -0.467949, -0.730685, 0.497117, 0.058238, 0.838299, -0.18891, 0.511441, 0.033028, 0.0, 0.0, 0.0, 1.0],
                [-0.279457, 0.65583, 0.70128, 0.096351, -0.467744, -0.73084, 0.497083, 0.058239, 0.838526, -0.189105, 0.510998, 0.033028, 0.0, 0.0, 0.0, 1.0],
                [-0.279122, 0.655609, 0.701621, 0.096351, -0.46754, -0.73099, 0.497054, 0.058239, 0.838751, -0.189296, 0.510557, 0.033028, 0.0, 0.0, 0.0, 1.0],
                [-0.278799, 0.655382, 0.701961, 0.096351, -0.467337, -0.731145, 0.497018, 0.058239, 0.838972, -0.189483, 0.510125, 0.033028, 0.0, 0.0, 0.0, 1.0],
                [-0.278476, 0.655154, 0.702301, 0.096351, -0.467136, -0.7313, 0.496979, 0.058238, 0.839191, -0.189672, 0.509694, 0.033028, 0.0, 0.0, 0.0, 1.0],
                [-0.278158, 0.654925, 0.702641, 0.096351, -0.46694, -0.731455, 0.496935, 0.058239, 0.839405, -0.189864, 0.509269, 0.033028, 0.0, 0.0, 0.0, 1.0],
                [-0.27784, 0.654694, 0.702982, 0.096351, -0.466748, -0.731611, 0.496886, 0.058238, 0.839617, -0.19006, 0.508846, 0.033028, 0.0, 0.0, 0.0, 1.0],
                [-0.277532, 0.654462, 0.70332, 0.096351, -0.466562, -0.731768, 0.496828, 0.058238, 0.839822, -0.190256, 0.508435, 0.033028, 0.0, 0.0, 0.0, 1.0],
                [-0.277225, 0.654232, 0.703654, 0.096351, -0.466383, -0.731922, 0.49677, 0.058239, 0.840023, -0.190454, 0.508028, 0.033028, 0.0, 0.0, 0.0, 1.0],
                [-0.276938, 0.654, 0.703983, 0.096351, -0.466212, -0.732079, 0.496699, 0.058238, 0.840212, -0.19065, 0.507642, 0.033028, 0.0, 0.0, 0.0, 1.0],
                [-0.276658, 0.653768, 0.704308, 0.096351, -0.466031, -0.732238, 0.496634, 0.058238, 0.840405, -0.190831, 0.507254, 0.033028, 0.0, 0.0, 0.0, 1.0],
