{
    "animation": [
        {
            "name": "Root",
            "time": [0.0, 0.0417, 0.0833, 0.125, 0.1667, 0.2083, 0.25, 0.2917, 0.3333, 0.375, 0.4167, 0.4583, 0.5, 0.5417, 0.5833, 0.625, 0.6667, 0.7083, 0.75, 0.7917, 0.8333, 0.875, 0.9167, 0.9583, 1.0, 1.0417, 1.0833, 1.125, 1.1667, 1.2083, 1.25, 1.2917, 1.3333, 1.375, 1.4167, 1.4583, 1.5, 1.5417, 1.5833, 1.625, 1.6667, 1.7083, 1.75, 1.7917, 1.8333, 1.875, 1.9167, 1.9583, 2.0],
            "transform": [
                [-1.0, 0.0, -0.0, -2.2e-05, -0.0, -0.0, 1.0, 0.001137, -0.0, 1.0, 0.0, 0.615211, 0.0, 0.0, 0.0, 1.0],
                [-1.0, 0.0, -0.0, -0.001002, -0.0, -0.0, 1.0, 0.001137, -0.0, 1.0, 0.0, 0.615211, 0.0, 0.0, 0.0, 1.0],
                [-1.0, 0.0, -0.0, -0.003874, -0.0, -0.0, 1.0, 0.001137, -0.0, 1.0, 0.0, 0.615211, 0.0, 0.0, 0.0, 1.0],
                [-1.0, 0.0, -0.0, -0.008059, -0.0, -0.0, 1.0, 0.001137, -0.0, 1.0, 0.0, 0.615211, 0.0, 0.0, 0.0, 1.0],
                [-1.0, 0.0, -0.0, -0.012353, -0.0, -0.0, 1.0, 0.001137, -0.0, 1.0, 0.0, 0.615211, 0.0, 0.0, 0.0, 1.0],
                [-1.0, 0.0, -0.0, -0.015522, -0.0, -0.0, 1.0, 0.001137, -0.0, 1.0, 0.0, 0.615211, 0.0, 0.0, 0.0, 1.0],
                [-1.0, 0.0, -0.0, -0.016929, -0.0, -0.0, 1.0, 0.001137, -0.0, 1.0, 0.0, 0.615211, 0.0, 0.0, 0.0, 1.0],
                [-1.0, 0.0, -0.0, -0.017253, -0.0, -0.0, 1.0, 0.001137, -0.0, 1.0, 0.0, 0.615211, 0.0, 0.0, 0.0, 1.0],
                [-1.0, 0.0, -0.0, -0.017299, -0.0, -0.0, 1.0, 0.001137, -0.0, 1.0, 0.0, 0.615211, 0.0, 0.0, 0.0, 1.0],
                [-1.0, 0.0, -0.0, -0.016231, -0.0, -0.0, 1.0, 0.001137, -0.0, 1.0, 0.0, 0.615211, 0.0, 0.0, 0.0, 1.0],
                [-1.0, 0.0, -0.0, -0.013157, -0.0, -0.0, 1.0, 0.001137, -0.0, 1.0, 0.0, 0.615212, 0.0, 0.0, 0.0, 1.0],
                [-1.0, 0.0, -0.0, -0.009333, -0.0, -0.0, 1.0, 0.001137, -0.0, 1.0, 0.0, 0.615212, 0.0, 0.0, 0.0, 1.0],
                [-1.0, 0.0, -0.0, -0.006368, -0.0, -0.0, 1.0, 0.001137, -0.0, 1.0, 0.0, 0.615212, 0.0, 0.0, 0.0, 1.0],
                [-1.0, 0.0, -0.0, -0.004579, -0.0, -0.0, 1.0, 0.001137, -0.0, 1.0, 0.0, 0.615212, 0.0, 0.0, 0.0, 1.0],
                [-1.0, 0.0, -0.0, -0.003199, -0.0, -0.0, 1.0, 0.001137, -0.0, 1.0, 0.0, 0.615212, 0.0, 0.0, 0.0, 1.0],
                [-1.0, 0.0, -0.0, -0.002245, -0.0, -0.0, 1.0, 0.001137, -0.0, 1.0, 0.0, 0.615212, 0.0, 0.0, 0.0, 1.0],
                [-1.0, 0.0, -0.0, -0.001663, -0.0, -0.0, 1.0, 0.001137, -0.0, 1.0, 0.0, 0.615212, 0.0, 0.0, 0.0, 1.0],
                [-1.0, 0.0, -0.0, -0.001407, -0.0, -0.0, 1.0, 0.001137, -0.0, 1.0, 0.0, 0.615212, 0.0, 0.0, 0.0, 1.0],
                [-1.0, 0.0, -0.0, -0.001237, -0.0, -0.0, 1.0, 0.001137, -0.0, 1.0, 0.0, 0.615212, 0.0, 0.0, 0.0, 1.0],
                [-1.0, 0.0, -0.0, -0.001083, -0.0, -0.0, 1.0, 0.001137, -0.0, 1.0, 0.0, 0.615212, 0.0, 0.0, 0.0, 1.0],
                [-1.0, 0.0, -0.0, -0.001027, -0.0, -0.0, 1.0, 0.001137, -0.0, 1.0, 0.0, 0.615212, 0.0, 0.0, 0.0, 1.0],
                [-1.0, 0.0, -0.0, -0.000974, -0.0, -0.0, 1.0, 0.001137, -0.0, 1.0, 0.0, 0.615212, 0.0, 0.0, 0.0, 1.0],
                [-1.0, 0.0, -0.0, -0.000911, -0.0, -0.0, 1.0, 0.001137, -0.0, 1.0, 0.0, 0.615212, 0.0, 0.0, 0.0, 1.0],
                [-1.0, 0.0, -0.0, -0.000833, -0.0, -0.0, 1.0, 0.001137, -0.0, 1.0, 0.0, 0.615212, 0.0, 0.0, 0.0, 1.0],
                [-1.0, 0.0, -0.0, -0.000699, -0.0, -0.0, 1.0, 0.001137, -0.0, 1.0, 0.0, 0.615212, 0.0, 0.0, 0.0, 1.0],
                [-1.0, 0.0, -0.0, -0.000487, -0.0, -0.0, 1.0, 0.001137, -0.0, 1.0, 0.0, 0.615212, 0.0, 0.0, 0.0, 1.0],
                [-1.0, 0.0, -0.0, -0.000217, -0.0, -0.0, 1.0, 0.001137, -0.0, 1.0, 0.0, 0.615212, 0.0, 0.0, 0.0, 1.0],
                [-1.0, 0.0, -0.0, 0.000584, -0.0, -0.0, 1.0, 0.001137, -0.0, 1.0, 0.0, 0.615212, 0.0, 0.0, 0.0, 1.0],
                [-1.0, 0.0, -0.0, 0.002143, -0.0, -0.0, 1.0, 0.001137, -0.0, 1.0, 0.0, 0.615213, 0.0, 0.0, 0.0, 1.0],
                [-1.0, 0.0, -0.0, 0.004231, -0.0, -0.0, 1.0, 0.001137, -0.0, 1.0, 0.0, 0.615213, 0.0, 0.0, 0.0, 1.0],
                [-1.0, 0.0, -0.0, 0.006609, -0.0, -0.0, 1.0, 0.001137, -0.0, 1.0, 0.0, 0.615213, 0.0, 0.0, 0.0, 1.0],
                [-1.0, 0.0, -0.0, 0.008861, -0.0, -0.0, 1.0, 0.001137, -0.0, 1.0, 0.0, 0.615213, 0.0, 0.0, 0.0, 1.0],
                [-1.0, 0.0, -0.0, 0.010696, -0.0, -0.0, 1.0, 0.001137, -0.0, 1.0, 0.0, 0.615213, 0.0, 0.0, 0.0, 1.0],
                [-1.0, 0.0, -0.0, 0.012241, -0.0, -0.0, 1.0, 0.001137, -0.0, 1.0, 0.0, 0.615213, 0.0, 0.0, 0.0, 1.0],
                [-1.0, 0.0, -0.0, 0.013633, -0.0, -0.0, 1.0, 0.001137, -0.0, 1.0, 0.0, 0.615213, 0.0, 0.0, 0.0, 1.0],
                [-1.0, 0.0, -0.0, 0.014804, -0.0, -0.0, 1.0, 0.001137, -0.0, 1.0, 0.0, 0.615213, 0.0, 0.0, 0.0, 1.0],
                [-1.0, 0.0, -0.0, 0.015747, -0.0, -0.0, 1.0, 0.001137, -0.0, 1.0, 0.0, 0.615213, 0.0, 0.0, 0.0, 1.0],
                [-1.0, 0.0, -0.0, 0.016528, -0.0, -0.0, 1.0, 0.001137, -0.0, 1.0, 0.0, 0.615213, 0.0, 0.0, 0.0, 1.0],
                [-1.0, 0.0, -0.0, 0.017024, -0.0, -0.0, 1.0, 0.001137, -0.0, 1.0, 0.0, 0.615213, 0.0, 0.0, 0.0, 1.0],
                [-1.0, 0.0, -0.0, 0.017096, -0.0, -0.0, 1.0, 0.001137, -0.0, 1.0, 0.0, 0.615213, 0.0, 0.0, 0.0, 1.0],
                [-1.0, 0.0, -0.0, 0.016976, -0.0, -0.0, 1.0, 0.001137, -0.0, 1.0, 0.0, 0.615213, 0.0, 0.0, 0.0, 1.0],
                [-1.0, 0.0, -0.0, 0.016558, -0.0, -0.0, 1.0, 0.001137, -0.0, 1.0, 0.0, 0.615213, 0.0, 0.0, 0.0, 1.0],
                [-1.0, 0.0, -0.0, 0.015771, -0.0, -0.0, 1.0, 0.001137, -0.0, 1.0, 0.0, 0.615213, 0.0, 0.0, 0.0, 1.0],
                [-1.0, 0.0, -0.0, 0.014624, -0.0, -0.0, 1.0, 0.001137, -0.0, 1.0, 0.0, 0.615213, 0.0, 0.0, 0.0, 1.0],
                [-1.0, 0.0, -0.0, 0.013215, -0.0, -0.0, 1.0, 0.001137, -0.0, 1.0, 0.0, 0.615213, 0.0, 0.0, 0.0, 1.0],
                [-1.0, 0.0, -0.0, 0.011669, -0.0, -0.0, 1.0, 0.001137, -0.0, 1.0, 0.0, 0.615214, 0.0, 0.0, 0.0, 1.0],
                [-1.0, 0.0, -0.0, 0.009766, -0.0, -0.0, 1.0, 0.001137, -0.0, 1.0, 0.0, 0.615214, 0.0, 0.0, 0.0, 1.0],
                [-1.0, 0.0, -0.0, 0.007326, -0.0, -0.0, 1.0, 0.001137, -0.0, 1.0, 0.0, 0.615214, 0.0, 0.0, 0.0, 1.0],
                [-1.0, 0.0, -0.0, 0.004892, -0.0, -0.0, 1.0, 0.001137, -0.0, 1.0, 0.0, 0.615214, 0.0, 0.0, 0.0, 1.0]
            ]
        },
        {
            "name": "Thigh_R",
            "time": [0.0, 0.0417, 0.0833, 0.125, 0.1667, 0.2083, 0.25, 0.2917, 0.3333, 0.375, 0.4167, 0.4583, 0.5, 0.5417, 0.5833, 0.625, 0.6667, 0.7083, 0.75, 0.7917, 0.8333, 0.875, 0.9167, 0.9583, 1.0, 1.0417, 1.0833, 1.125, 1.1667, 1.2083, 1.25, 1.2917, 1.3333, 1.375, 1.4167, 1.4583, 1.5, 1.5417, 1.5833, 1.625, 1.6667, 1.7083, 1.75, 1.7917, 1.8333, 1.875, 1.9167, 1.9583, 2.0],
            "transform": [
                [-0.988265, 0.121449, 0.092656, 0.096351, -0.04643, -0.816668, 0.575238, 0.058238, 0.145532, 0.564185, 0.812722, 0.033027, 0.0, 0.0, 0.0, 1.0],
                [-0.987047, 0.144696, 0.069309, 0.096351, -0.056022, -0.715638, 0.696222, 0.058238, 0.150341, 0.68332, 0.714473, 0.033027, 0.0, 0.0, 0.0, 1.0],
                [-0.984313, 0.165035, 0.062409, 0.096351, -0.051007, -0.604765, 0.79477, 0.058237, 0.168908, 0.779118, 0.603695, 0.033027, 0.0, 0.0, 0.0, 1.0],
                [-0.980536, 0.177936, 0.083007, 0.096351, -0.015517, -0.49166, 0.87065, 0.058238, 0.195731, 0.852415, 0.48485, 0.033027, 0.0, 0.0, 0.0, 1.0],
                [-0.97811, 0.179448, 0.105373, 0.096351, 0.026957, -0.392837, 0.919214, 0.058238, 0.206345, 0.901931, 0.3794, 0.033027, 0.0, 0.0, 0.0, 1.0],
                [-0.980272, 0.161829, 0.113494, 0.096351, 0.055925, -0.323649, 0.944524, 0.058238, 0.189584, 0.932236, 0.308213, 0.033027, 0.0, 0.0, 0.0, 1.0],
                [-0.983578, 0.137978, 0.116354, 0.096351, 0.074362, -0.277609, 0.957812, 0.058238, 0.164458, 0.950735, 0.262789, 0.033027, 0.0, 0.0, 0.0, 1.0],
                [-0.984807, 0.122017, 0.123565, 0.096351, 0.090578, -0.246169, 0.964986, 0.058238, 0.148163, 0.961517, 0.231376, 0.033027, 0.0, 0.0, 0.0, 1.0],
                [-0.984403, 0.11297, 0.134877, 0.096351, 0.105913, -0.231634, 0.967021, 0.058238, 0.140486, 0.966222, 0.216056, 0.033027, 0.0, 0.0, 0.0, 1.0],
                [-0.982766, 0.111407, 0.147519, 0.096351, 0.117614, -0.238833, 0.963912, 0.058238, 0.142619, 0.96465, 0.221614, 0.033027, 0.0, 0.0, 0.0, 1.0],
                [-0.979574, 0.118625, 0.162369, 0.096351, 0.126131, -0.266396, 0.955576, 0.058238, 0.15661, 0.956537, 0.245992, 0.033027, 0.0, 0.0, 0.0, 1.0],
                [-0.974326, 0.129692, 0.184043, 0.096351, 0.133277, -0.326599, 0.93572, 0.058238, 0.181464, 0.936224, 0.300928, 0.033027, 0.0, 0.0, 0.0, 1.0],
                [-0.966679, 0.127319, 0.222091, 0.096351, 0.139832, -0.464084, 0.874685, 0.058238, 0.214434, 0.876594, 0.430816, 0.033027, 0.0, 0.0, 0.0, 1.0],
                [-0.957686, 0.104081, 0.268345, 0.096351, 0.150263, -0.614386, 0.774566, 0.058238, 0.245484, 0.782112, 0.572748, 0.033027, 0.0, 0.0, 0.0, 1.0],
                [-0.946732, 0.076331, 0.312849, 0.096351, 0.159347, -0.733184, 0.661098, 0.058238, 0.279838, 0.675734, 0.681964, 0.033028, 0.0, 0.0, 0.0, 1.0],
                [-0.943444, 0.07229, 0.32356, 0.096351, 0.164882, -0.744383, 0.647078, 0.058238, 0.28763, 0.66383, 0.690363, 0.033027, 0.0, 0.0, 0.0, 1.0],
                [-0.955553, 0.098214, 0.277985, 0.096351, 0.13712, -0.686653, 0.713938, 0.058237, 0.260998, 0.720322, 0.642665, 0.033028, 0.0, 0.0, 0.0, 1.0],
                [-0.970147, 0.113254, 0.214454, 0.096351, 0.093487, -0.641288, 0.761585, 0.058238, 0.223779, 0.758897, 0.611555, 0.033027, 0.0, 0.0, 0.0, 1.0],
                [-0.983771, 0.098761, 0.14981, 0.096351, 0.052474, -0.640053, 0.766538, 0.058237, 0.17159, 0.761958, 0.624482, 0.033028, 0.0, 0.0, 0.0, 1.0],
                [-0.991361, 0.079435, 0.104381, 0.096351, 0.023897, -0.673081, 0.739183, 0.058237, 0.128974, 0.735291, 0.665367, 0.033027, 0.0, 0.0, 0.0, 1.0],
                [-0.993784, 0.073304, 0.083801, 0.096351, 0.004569, -0.72519, 0.688535, 0.058238, 0.111244, 0.684637, 0.720346, 0.033027, 0.0, 0.0, 0.0, 1.0],
                [-0.993155, 0.081645, 0.083558, 0.096351, -0.012466, -0.785223, 0.619089, 0.058238, 0.116157, 0.613809, 0.780865, 0.033027, 0.0, 0.0, 0.0, 1.0],
                [-0.990959, 0.096144, 0.093595, 0.096351, -0.030526, -0.840797, 0.540491, 0.058237, 0.130659, 0.532747, 0.836129, 0.033026, 0.0, 0.0, 0.0, 1.0],
                [-0.987522, 0.110421, 0.112299, 0.096351, -0.049441, -0.894352, 0.444624, 0.058238, 0.149531, 0.433524, 0.888651, 0.033027, 0.0, 0.0, 0.0, 1.0],
                [-0.982721, 0.126278, 0.13534, 0.096351, -0.075099, -0.940279, 0.332019, 0.058238, 0.169185, 0.316118, 0.933514, 0.033028, 0.0, 0.0, 0.0, 1.0],
                [-0.977668, 0.137346, 0.159071, 0.096351, -0.1049, -0.97479, 0.196934, 0.058238, 0.182109, 0.17585, 0.967427, 0.033027, 0.0, 0.0, 0.0, 1.0],
                [-0.974324, 0.139213, 0.176959, 0.096351, -0.128754, -0.98925, 0.069331, 0.058239, 0.184709, 0.044767, 0.981774, 0.033028, 0.0, 0.0, 0.0, 1.0],
                [-0.973487, 0.130684, 0.187741, 0.096351, -0.144555, -0.987545, -0.062136, 0.058238, 0.177283, -0.087627, 0.980252, 0.033026, 0.0, 0.0, 0.0, 1.0],
                [-0.973726, 0.10938, 0.19974, 0.096351, -0.150117, -0.967854, -0.201807, 0.058239, 0.171246, -0.226489, 0.958843, 0.033027, 0.0, 0.0, 0.0, 1.0],
                [-0.981657, 0.075011, 0.17529, 0.096351, -0.125819, -0.945621, -0.299953, 0.058237, 0.143259, -0.316505, 0.937712, 0.033027, 0.0, 0.0, 0.0, 1.0],
                [-0.992058, 0.037148, 0.120178, 0.096351, -0.083544, -0.90883, -0.408717, 0.058239, 0.094038, -0.415511, 0.904715, 0.033028, 0.0, 0.0, 0.0, 1.0],
                [-0.996217, -0.008151, 0.086535, 0.096351, -0.045469, -0.799632, -0.598769, 0.058238, 0.074077, -0.600437, 0.796235, 0.033026, 0.0, 0.0, 0.0, 1.0],
                [-0.998742, -0.018494, 0.046631, 0.096351, -0.017633, -0.740816, -0.671478, 0.058238, 0.046963, -0.671455, 0.739557, 0.033028, 0.0, 0.0, 0.0, 1.0],
                [-0.999663, -0.024075, 0.009849, 0.096351, 0.009179, -0.680794, -0.732418, 0.058238, 0.024338, -0.73208, 0.680785, 0.033028, 0.0, 0.0, 0.0, 1.0],
                [-0.999632, -0.026742, -0.004901, 0.096351, 0.020693, -0.631484, -0.775114, 0.058237, 0.017633, -0.774929, 0.631804, 0.033027, 0.0, 0.0, 0.0, 1.0],
                [-0.99957, -0.029368, 0.001077, 0.096351, 0.017088, -0.610677, -0.791696, 0.058237, 0.023908, -0.791336, 0.610915, 0.033026, 0.0, 0.0, 0.0, 1.0],
                [-0.999476, -0.029946, 0.012382, 0.096351, 0.009384, -0.633229, -0.773908, 0.058238, 0.031016, -0.773386, 0.633178, 0.033028, 0.0, 0.0, 0.0, 1.0],
                [-0.999211, -0.028972, 0.027208, 0.096351, -1.1e-05, -0.684366, -0.72914, 0.058238, 0.039745, -0.728564, 0.683825, 0.033027, 0.0, 0.0, 0.0, 1.0],
                [-0.998841, -0.025231, 0.041021, 0.096351, -0.008615, -0.74443, -0.667647, 0.058238, 0.047383, -0.667226, 0.743349, 0.033027, 0.0, 0.0, 0.0, 1.0],
                [-0.998202, -0.017975, 0.057189, 0.096351, -0.020451, -0.794644, -0.606732, 0.058238, 0.056351, -0.606811, 0.792846, 0.033029, 0.0, 0.0, 0.0, 1.0],
                [-0.99749, -0.008843, 0.070271, 0.096351, -0.030993, -0.837636, -0.54535, 0.058238, 0.063684, -0.546158, 0.835259, 0.03303, 0.0, 0.0, 0.0, 1.0],
                [-0.997047, 0.002184, 0.076774, 0.096351, -0.038971, -0.875754, -0.481184, 0.058237, 0.066184, -0.482754, 0.873252, 0.033028, 0.0, 0.0, 0.0, 1.0],
                [-0.996881, 0.011252, 0.078128, 0.096351, -0.041535, -0.916454, -0.39798, 0.058238, 0.067122, -0.399983, 0.914062, 0.033027, 0.0, 0.0, 0.0, 1.0],
                [-0.996775, 0.017096, 0.078423, 0.096351, -0.039936, -0.953166, -0.2998, 0.058239, 0.069625, -0.301965, 0.950774, 0.033027, 0.0, 0.0, 0.0, 1.0],
                [-0.996667, 0.022566, 0.07842, 0.096351, -0.036733, -0.9822, -0.184214, 0.058238, 0.072867, -0.18648, 0.979754, 0.033026, 0.0, 0.0, 0.0, 1.0],
                [-0.996308, 0.029585, 0.080618, 0.096351, -0.034655, -0.997461, -0.062228, 0.058238, 0.078572, -0.064791, 0.994802, 0.033027, 0.0, 0.0, 0.0, 1.0],
                [-0.995292, 0.039678, 0.088449, 0.096351, -0.033716, -0.997122, 0.067915, 0.058237, 0.090889, 0.064614, 0.993764, 0.033026, 0.0, 0.0, 0.0, 1.0],
                [-0.99337, 0.0577, 0.099461, 0.096351, -0.036901, -0.979199, 0.199523, 0.058238, 0.108904, 0.194529, 0.974834, 0.033026, 0.0, 0.0, 0.0, 1.0],
                [-0.990226, 0.079935, 0.114313, 0.096351, -0.038367, -0.943987, 0.327747, 0.058238, 0.134108, 0.320158, 0.937826, 0.033028, 0.0, 0.0, 0.0, 1.0]
            ]
        },
        {
            "name": "Leg_R",
            "time": [0.0, 0.0417, 0.0833, 0.125, 0.1667, 0.2083, 0.25, 0.2917, 0.3333, 0.375, 0.4167, 0.4583, 0.5, 0.5417, 0.5833, 0.625, 0.6667, 0.7083, 0.75, 0.7917, 0.8333, 0.875, 0.9167, 0.9583, 1.0, 1.0417, 1.0833, 1.125, 1.1667, 1.2083, 1.25, 1.2917, 1.3333, 1.375, 1.4167, 1.4583, 1.5, 1.5417, 1.5833, 1.625, 1.6667, 1.7083, 1.75, 1.7917, 1.8333, 1.875, 1.9167, 1.9583, 2.0],
            "transform": [
                [0.999999, -0.0, 1e-06, -0.0, -0.0, -0.700276, 0.713873, 0.37472, 0.0, -0.713873, -0.700277, -0.0, 0.0, 0.0, 0.0, 1.0],
                [0.999999, 0.0, 1e-06, -0.0, -0.0, -0.708341, 0.705871, 0.37472, 0.0, -0.705871, -0.708341, 0.0, 0.0, 0.0, 0.0, 1.0],
                [0.999999, 0.0, 0.0, -0.0, -0.0, -0.698218, 0.715886, 0.37472, 0.0, -0.715886, -0.698219, 0.0, 0.0, 0.0, 0.0, 1.0],
                [0.999998, 0.0, 0.0, 0.0, -0.0, -0.668367, 0.743833, 0.37472, 0.0, -0.743832, -0.668367, 0.0, 0.0, 0.0, 0.0, 1.0],
                [0.999999, 0.0, 0.0, -0.0, -0.0, -0.616641, 0.787245, 0.37472, 1e-06, -0.787245, -0.616641, -0.0, 0.0, 0.0, 0.0, 1.0],
                [0.999999, 0.0, 0.0, -0.0, -0.0, -0.546823, 0.837248, 0.37472, 0.0, -0.837248, -0.546823, -0.0, 0.0, 0.0, 0.0, 1.0],
                [0.999999, 0.0, 1e-06, -0.0, -1e-06, -0.457372, 0.889277, 0.37472, 0.0, -0.889277, -0.457371, 0.0, 0.0, 0.0, 0.0, 1.0],
                [0.999999, 0.0, 0.0, -0.0, 0.0, -0.344433, 0.938811, 0.37472, 0.0, -0.938812, -0.344433, 0.0, 0.0, 0.0, 0.0, 1.0],
                [0.999999, 0.0, 0.0, -0.0, -0.0, -0.214411, 0.976744, 0.37472, 0.0, -0.976744, -0.214411, 0.0, 0.0, 0.0, 0.0, 1.0],
                [0.999999, 0.0, 0.0, -0.0, -0.0, -0.078413, 0.996921, 0.37472, 0.0, -0.996922, -0.078413, 0.0, 0.0, 0.0, 0.0, 1.0],
                [0.999999, 0.0, -0.0, 0.0, 0.0, 0.035215, 0.99938, 0.37472, 0.0, -0.999381, 0.035215, -0.0, 0.0, 0.0, 0.0, 1.0],
                [0.999999, 0.0, -0.0, 0.0, 0.0, 0.182537, 0.983199, 0.37472, 0.0, -0.9832, 0.182537, -0.0, 0.0, 0.0, 0.0, 1.0],
                [0.999999, 0.0, -0.0, -0.0, -0.0, 0.425562, 0.90493, 0.37472, 0.0, -0.90493, 0.425562, 0.0, 0.0, 0.0, 0.0, 1.0],
                [0.999999, 0.0, -0.0, -0.0, -0.0, 0.697077, 0.716997, 0.37472, 0.0, -0.716997, 0.697077, -0.0, 0.0, 0.0, 0.0, 1.0],
                [0.999999, 0.0, -0.0, 0.0, 0.0, 0.866042, 0.499973, 0.37472, 0.0, -0.499973, 0.866041, 0.0, 0.0, 0.0, 0.0, 1.0],
                [0.999999, -0.0, -0.0, 0.0, 0.0, 0.88925, 0.457422, 0.37472, 0.0, -0.457422, 0.88925, -0.0, 0.0, 0.0, 0.0, 1.0],
                [0.999999, 0.0, -0.0, 0.0, 0.0, 0.766947, 0.641712, 0.37472, 0.0, -0.641712, 0.766947, 0.0, 0.0, 0.0, 0.0, 1.0],
                [0.999999, 0.0, -0.0, 0.0, -0.0, 0.552312, 0.833639, 0.37472, 0.0, -0.833639, 0.552311, -0.0, 0.0, 0.0, 0.0, 1.0],
                [0.999999, 0.0, -0.0, -0.0, -0.0, 0.384082, 0.923299, 0.37472, 0.0, -0.9233, 0.384082, 0.0, 0.0, 0.0, 0.0, 1.0],
                [0.999998, 0.0, 0.0, 0.0, -0.0, 0.27845, 0.960451, 0.37472, 0.0, -0.960451, 0.27845, 0.0, 0.0, 0.0, 0.0, 1.0],
                [0.999999, 0.0, 0.0, -0.0, -0.0, 0.215977, 0.976399, 0.37472, 0.0, -0.976399, 0.215977, 0.0, 0.0, 0.0, 0.0, 1.0],
                [0.999998, 0.0, 0.0, -0.0, -0.0, 0.190026, 0.98178, 0.37472, 0.0, -0.98178, 0.190025, -0.0, 0.0, 0.0, 0.0, 1.0],
                [0.999999, 0.0, 0.0, -0.0, -0.0, 0.190153, 0.981754, 0.37472, 0.0, -0.981755, 0.190153, -0.0, 0.0, 0.0, 0.0, 1.0],
                [0.999999, 0.0, 0.0, -0.0, -0.0, 0.222897, 0.974843, 0.37472, 0.0, -0.974843, 0.222897, 0.0, 0.0, 0.0, 0.0, 1.0],
                [0.999999, 0.0, 0.0, -0.0, -0.0, 0.287393, 0.957813, 0.37472, 0.0, -0.957813, 0.287393, -0.0, 0.0, 0.0, 0.0, 1.0],
                [0.999999, 0.0, 0.0, 0.0, -0.0, 0.378165, 0.925739, 0.37472, 0.0, -0.925739, 0.378165, -0.0, 0.0, 0.0, 0.0, 1.0],
                [0.999999, 0.0, 0.0, 0.0, -0.0, 0.481014, 0.876713, 0.37472, 0.0, -0.876714, 0.481014, -0.0, 0.0, 0.0, 0.0, 1.0],
                [0.999999, 1e-06, 0.0, -0.0, -0.0, 0.588529, 0.808477, 0.37472, 0.0, -0.808477, 0.588529, -0.0, 0.0, 0.0, 0.0, 1.0],
                [0.999999, 1e-06, -0.0, 0.0, -0.0, 0.713589, 0.700565, 0.37472, 0.0, -0.700565, 0.713589, 0.0, 0.0, 0.0, 0.0, 1.0],
                [0.999999, 0.0, -0.0, -0.0, -0.0, 0.804971, 0.593315, 0.37472, 0.0, -0.593315, 0.804972, -0.0, 0.0, 0.0, 0.0, 1.0],
                [0.999999, 0.0, -0.0, 0.0, -0.0, 0.895231, 0.445603, 0.37472, 0.0, -0.445603, 0.895231, 0.0, 0.0, 0.0, 0.0, 1.0],
                [0.999999, 0.0, -0.0, -0.0, -0.0, 0.994532, 0.104441, 0.37472, 1e-06, -0.104441, 0.994532, -0.0, 0.0, 0.0, 0.0, 1.0],
                [0.999999, 0.0, -1e-06, 0.0, -0.0, 0.993361, 0.115042, 0.37472, 1e-06, -0.115042, 0.993362, 0.0, 0.0, 0.0, 0.0, 1.0],
                [0.999999, 0.0, -0.0, -0.0, -0.0, 0.98905, 0.147583, 0.37472, 0.0, -0.147583, 0.989051, -0.0, 0.0, 0.0, 0.0, 1.0],
                [0.999999, -0.0, -1e-06, 0.0, 0.0, 0.98134, 0.192284, 0.37472, 0.0, -0.192284, 0.98134, 0.0, 0.0, 0.0, 0.0, 1.0],
                [0.999999, 0.0, -0.0, 0.0, -0.0, 0.969661, 0.244453, 0.37472, 0.0, -0.244453, 0.969662, -0.0, 0.0, 0.0, 0.0, 1.0],
                [0.999999, 0.0, -0.0, 0.0, -0.0, 0.935172, 0.354193, 0.37472, 0.0, -0.354193, 0.935173, 0.0, 0.0, 0.0, 0.0, 1.0],
                [0.999999, 0.0, -0.0, 0.0, -0.0, 0.844507, 0.535545, 0.37472, 0.0, -0.535545, 0.844507, -0.0, 0.0, 0.0, 0.0, 1.0],
                [0.999998, 0.0, -0.0, -0.0, -0.0, 0.684312, 0.72919, 0.37472, 0.0, -0.72919, 0.684312, -0.0, 0.0, 0.0, 0.0, 1.0],
                [0.999999, 1e-06, 0.0, -0.0, -0.0, 0.479074, 0.877775, 0.37472, 0.0, -0.877775, 0.479074, -0.0, 0.0, 0.0, 0.0, 1.0],
                [0.999999, 1e-06, 0.0, 0.0, -0.0, 0.285218, 0.958463, 0.37472, 0.0, -0.958463, 0.285218, -0.0, 0.0, 0.0, 0.0, 1.0],
                [0.999998, 0.0, 0.0, -0.0, -0.0, 0.107466, 0.994209, 0.37472, 0.0, -0.994209, 0.107466, 0.0, 0.0, 0.0, 0.0, 1.0],
                [0.999998, 0.0, 0.0, -0.0, -0.0, -0.0529, 0.9986, 0.37472, 0.0, -0.9986, -0.0529, 0.0, 0.0, 0.0, 0.0, 1.0],
                [0.999999, 0.0, 0.0, 0.0, -0.0, -0.192559, 0.981286, 0.37472, 0.0, -0.981287, -0.192559, -0.0, 0.0, 0.0, 0.0, 1.0],
                [0.999999, 0.0, 0.0, -0.0, -0.0, -0.311235, 0.950334, 0.37472, 0.0, -0.950334, -0.311235, 0.0, 0.0, 0.0, 0.0, 1.0],
                [0.999999, 0.0, 0.0, 0.0, -0.0, -0.417046, 0.908886, 0.37472, 0.0, -0.908886, -0.417046, -0.0, 0.0, 0.0, 0.0, 1.0],
                [0.999999, 0.0, 1e-06, 0.0, -0.0, -0.501771, 0.865002, 0.37472, 0.0, -0.865001, -0.501772, -0.0, 0.0, 0.0, 0.0, 1.0],
                [0.999999, 0.0, 0.0, -0.0, -0.0, -0.574516, 0.818494, 0.37472, 0.0, -0.818494, -0.574517, -0.0, 0.0, 0.0, 0.0, 1.0],
                [0.999999, -0.0, 1e-06, -0.0, -0.0, -0.632134, 0.774861, 0.37472, 0.0, -0.774861, -0.632134, -0.0, 0.0, 0.0, 0.0, 1.0]
            ]
        },
        {
            "name": "Knee_R",
            "time": [0.0, 2.0],
            "transform": [
                [1.0, 0.0, -0.0, -0.0, -0.0, 1e-06, -1.0, 0.37472, -0.0, 1.0, 1e-06, -0.0, 0.0, 0.0, 0.0, 1.0],
                [1.0, 0.0, -0.0, -0.0, -0.0, 1e-06, -1.0, 0.37472, -0.0, 1.0, 1e-06, -0.0, 0.0, 0.0, 0.0, 1.0]
            ]
        },
        {
            "name": "Thigh_L",
            "time": [0.0, 0.0417, 0.0833, 0.125, 0.1667, 0.2083, 0.25, 0.2917, 0.3333, 0.375, 0.4167, 0.4583, 0.5, 0.5417, 0.5833, 0.625, 0.6667, 0.7083, 0.75, 0.7917, 0.8333, 0.875, 0.9167, 0.9583, 1.0, 1.0417, 1.0833, 1.125, 1.1667, 1.2083, 1.25, 1.2917, 1.3333, 1.375, 1.4167, 1.4583, 1.5, 1.5417, 1.5833, 1.625, 1.6667, 1.7083, 1.75, 1.7917, 1.8333, 1.875, 1.9167, 1.9583, 2.0],
            "transform": [
                [-0.873226, 0.252868, 0.416571, -0.12858, 0.03205, -0.823184, 0.566873, 0.048184, 0.486256, 0.508363, 0.71072, -0.046041, 0.0, 0.0, 0.0, 1.0],
                [-0.875665, 0.2436, 0.416973, -0.128579, -0.015493, -0.877179, 0.479918, 0.048184, 0.482666, 0.41379, 0.771889, -0.046041, 0.0, 0.0, 0.0, 1.0],
                [-0.878619, 0.233876, 0.416327, -0.128579, -0.0631, -0.921072, 0.384253, 0.048183, 0.473332, 0.311343, 0.824028, -0.046041, 0.0, 0.0, 0.0, 1.0],
                [-0.8846, 0.208641, 0.417074, -0.12858, -0.107152, -0.961347, 0.253646, 0.048183, 0.453871, 0.179687, 0.872763, -0.046041, 0.0, 0.0, 0.0, 1.0],
                [-0.892745, 0.172065, 0.416411, -0.128579, -0.141937, -0.984555, 0.102525, 0.048183, 0.427618, 0.032425, 0.903378, -0.046041, 0.0, 0.0, 0.0, 1.0],
                [-0.902429, 0.12636, 0.411888, -0.12858, -0.167159, -0.983826, -0.064421, 0.048184, 0.397084, -0.126986, 0.908955, -0.046041, 0.0, 0.0, 0.0, 1.0],
                [-0.91143, 0.080209, 0.40356, -0.128579, -0.179632, -0.959978, -0.214898, 0.048183, 0.37017, -0.268357, 0.889359, -0.046041, 0.0, 0.0, 0.0, 1.0],
                [-0.91954, 0.056694, 0.38888, -0.12858, -0.198134, -0.921454, -0.334172, 0.048184, 0.339388, -0.384337, 0.858546, -0.046041, 0.0, 0.0, 0.0, 1.0],
                [-0.92652, 0.036261, 0.374491, -0.12858, -0.207974, -0.878819, -0.429451, 0.048184, 0.313536, -0.475782, 0.821784, -0.046041, 0.0, 0.0, 0.0, 1.0],
                [-0.932661, 0.032266, 0.359304, -0.128579, -0.223955, -0.832612, -0.506562, 0.048183, 0.282814, -0.552921, 0.78377, -0.046042, 0.0, 0.0, 0.0, 1.0],
                [-0.932733, 0.010908, 0.360397, -0.128579, -0.229482, -0.78892, -0.570041, 0.048183, 0.278105, -0.614403, 0.738355, -0.046041, 0.0, 0.0, 0.0, 1.0],
                [-0.929305, -0.002572, 0.369299, -0.12858, -0.242631, -0.749632, -0.61578, 0.048184, 0.278421, -0.661855, 0.696012, -0.046041, 0.0, 0.0, 0.0, 1.0],
                [-0.925972, -0.007658, 0.37751, -0.12858, -0.25891, -0.714864, -0.649567, 0.048183, 0.274841, -0.699226, 0.659962, -0.046042, 0.0, 0.0, 0.0, 1.0],
                [-0.924831, -0.003533, 0.380357, -0.12858, -0.273005, -0.690128, -0.67022, 0.048184, 0.264861, -0.723684, 0.637287, -0.046041, 0.0, 0.0, 0.0, 1.0],
                [-0.924376, 0.012877, 0.381262, -0.128579, -0.288324, -0.67801, -0.676147, 0.048183, 0.249792, -0.734945, 0.630447, -0.046041, 0.0, 0.0, 0.0, 1.0],
                [-0.927187, 0.031749, 0.373247, -0.128579, -0.293608, -0.68037, -0.671486, 0.048184, 0.232626, -0.732185, 0.640151, -0.046041, 0.0, 0.0, 0.0, 1.0],
                [-0.935267, 0.046374, 0.350887, -0.128579, -0.280796, -0.700742, -0.655833, 0.048184, 0.215466, -0.711911, 0.668401, -0.046041, 0.0, 0.0, 0.0, 1.0],
                [-0.944847, 0.055942, 0.322695, -0.128579, -0.260276, -0.726322, -0.636172, 0.048183, 0.19879, -0.685079, 0.700823, -0.046041, 0.0, 0.0, 0.0, 1.0],
                [-0.952472, 0.0647, 0.297671, -0.12858, -0.24339, -0.749262, -0.615932, 0.048184, 0.183182, -0.659111, 0.729397, -0.046041, 0.0, 0.0, 0.0, 1.0],
                [-0.957443, 0.08068, 0.277111, -0.128579, -0.234054, -0.778839, -0.581922, 0.048184, 0.168875, -0.622019, 0.764576, -0.046041, 0.0, 0.0, 0.0, 1.0],
                [-0.959292, 0.104336, 0.26243, -0.128579, -0.233749, -0.81482, -0.530503, 0.048184, 0.158482, -0.570254, 0.806038, -0.046041, 0.0, 0.0, 0.0, 1.0],
                [-0.958408, 0.135374, 0.251245, -0.128579, -0.241438, -0.854008, -0.460849, 0.048184, 0.152178, -0.502344, 0.851172, -0.046041, 0.0, 0.0, 0.0, 1.0],
                [-0.954881, 0.171635, 0.242364, -0.128579, -0.252144, -0.899725, -0.356263, 0.048183, 0.156913, -0.401301, 0.902407, -0.046042, 0.0, 0.0, 0.0, 1.0],
                [-0.950221, 0.20613, 0.233641, -0.128579, -0.257079, -0.942367, -0.21415, 0.048184, 0.176032, -0.263555, 0.948447, -0.04604, 0.0, 0.0, 0.0, 1.0],
                [-0.944694, 0.231079, 0.232709, -0.12858, -0.245142, -0.968928, -0.033035, 0.048184, 0.217844, -0.088254, 0.971985, -0.046042, 0.0, 0.0, 0.0, 1.0],
                [-0.93997, 0.236119, 0.246376, -0.128579, -0.191263, -0.962446, 0.192668, 0.048184, 0.282615, 0.133981, 0.949831, -0.046041, 0.0, 0.0, 0.0, 1.0],
                [-0.936331, 0.226062, 0.268656, -0.128579, -0.102773, -0.908106, 0.405938, 0.048184, 0.335734, 0.352484, 0.87352, -0.04604, 0.0, 0.0, 0.0, 1.0],
                [-0.933186, 0.222022, 0.282609, -0.12858, -0.029991, -0.831724, 0.554382, 0.048183, 0.358136, 0.508868, 0.782811, -0.046043, 0.0, 0.0, 0.0, 1.0],
                [-0.932973, 0.225109, 0.280864, -0.12858, 0.014616, -0.755967, 0.654448, 0.048184, 0.359644, 0.614691, 0.702006, -0.046042, 0.0, 0.0, 0.0, 1.0],
                [-0.936776, 0.229268, 0.264355, -0.128579, 0.037116, -0.6861, 0.726561, 0.048184, 0.34795, 0.690441, 0.634212, -0.046042, 0.0, 0.0, 0.0, 1.0],
                [-0.937332, 0.24398, 0.248756, -0.12858, 0.047003, -0.618865, 0.784091, 0.048184, 0.345247, 0.74665, 0.568613, -0.04604, 0.0, 0.0, 0.0, 1.0],
                [-0.935913, 0.262384, 0.234986, -0.128579, 0.055387, -0.549212, 0.833846, 0.048183, 0.347843, 0.793427, 0.499482, -0.04604, 0.0, 0.0, 0.0, 1.0],
                [-0.934245, 0.275763, 0.226138, -0.12858, 0.072659, -0.47362, 0.877727, 0.048185, 0.349146, 0.836448, 0.42244, -0.046041, 0.0, 0.0, 0.0, 1.0],
                [-0.932019, 0.279835, 0.230283, -0.12858, 0.102247, -0.406572, 0.907879, 0.048183, 0.347682, 0.869711, 0.35032, -0.046042, 0.0, 0.0, 0.0, 1.0],
                [-0.930011, 0.270785, 0.2485, -0.12858, 0.128806, -0.393112, 0.910424, 0.048184, 0.344216, 0.878717, 0.330719, -0.046042, 0.0, 0.0, 0.0, 1.0],
                [-0.929682, 0.249865, 0.270662, -0.128579, 0.151179, -0.411229, 0.898909, 0.048183, 0.335908, 0.876621, 0.344537, -0.04604, 0.0, 0.0, 0.0, 1.0],
                [-0.931154, 0.220614, 0.290308, -0.128579, 0.158435, -0.472294, 0.867086, 0.048185, 0.3284, 0.85339, 0.404825, -0.046042, 0.0, 0.0, 0.0, 1.0],
                [-0.930927, 0.182575, 0.316292, -0.12858, 0.174522, -0.538378, 0.824435, 0.048183, 0.320804, 0.822692, 0.469326, -0.04604, 0.0, 0.0, 0.0, 1.0],
                [-0.930444, 0.142093, 0.33776, -0.128579, 0.188311, -0.605305, 0.7734, 0.048183, 0.314341, 0.783212, 0.536444, -0.046041, 0.0, 0.0, 0.0, 1.0],
                [-0.928309, 0.108454, 0.355635, -0.128579, 0.202087, -0.655705, 0.727472, 0.048182, 0.312086, 0.747192, 0.586779, -0.046039, 0.0, 0.0, 0.0, 1.0],
                [-0.923939, 0.074383, 0.375234, -0.128579, 0.217915, -0.70385, 0.6761, 0.048184, 0.314397, 0.706448, 0.634105, -0.04604, 0.0, 0.0, 0.0, 1.0],
                [-0.919499, 0.045871, 0.390404, -0.12858, 0.229228, -0.744246, 0.62734, 0.048183, 0.319332, 0.666333, 0.673818, -0.046041, 0.0, 0.0, 0.0, 1.0],
                [-0.906185, 0.055536, 0.419217, -0.12858, 0.258814, -0.711152, 0.653667, 0.048184, 0.334427, 0.700845, 0.630061, -0.046041, 0.0, 0.0, 0.0, 1.0],
                [-0.886708, 0.086382, 0.454185, -0.12858, 0.278004, -0.685319, 0.673093, 0.048183, 0.369402, 0.723106, 0.583662, -0.04604, 0.0, 0.0, 0.0, 1.0],
                [-0.875017, 0.141961, 0.462807, -0.128581, 0.267181, -0.655607, 0.706255, 0.048184, 0.403678, 0.741642, 0.535737, -0.046042, 0.0, 0.0, 0.0, 1.0],
                [-0.873071, 0.182059, 0.452326, -0.128579, 0.242838, -0.642084, 0.727159, 0.048184, 0.422814, 0.744708, 0.516373, -0.046041, 0.0, 0.0, 0.0, 1.0],
                [-0.874995, 0.205356, 0.43842, -0.12858, 0.212692, -0.650452, 0.729162, 0.048184, 0.434906, 0.731265, 0.525463, -0.046042, 0.0, 0.0, 0.0, 1.0],
                [-0.874913, 0.222182, 0.430304, -0.128579, 0.181766, -0.672927, 0.717031, 0.048183, 0.448873, 0.705558, 0.548366, -0.046043, 0.0, 0.0, 0.0, 1.0],
                [-0.868433, 0.240461, 0.43359, -0.12858, 0.1452, -0.712831, 0.686143, 0.048184, 0.474065, 0.65883, 0.58413, -0.046041, 0.0, 0.0, 0.0, 1.0]
            ]
        },
        {
            "name": "Leg_L",
            "time": [0.0, 0.0417, 0.0833, 0.125, 0.1667, 0.2083, 0.25, 0.2917, 0.3333, 0.375, 0.4167, 0.4583, 0.5, 0.5417, 0.5833, 0.625, 0.6667, 0.7083, 0.75, 0.7917, 0.8333, 0.875, 0.9167, 0.9583, 1.0, 1.0417, 1.0833, 1.125, 1.1667, 1.2083, 1.25, 1.2917, 1.3333, 1.375, 1.4167, 1.4583, 1.5, 1.5417, 1.5833, 1.625, 1.6667, 1.7083, 1.75, 1.7917, 1.8333, 1.875, 1.9167, 1.9583, 2.0],
            "transform": [
                [0.999998, -1e-06, -0.0, -0.0, 1e-06, 0.241067, 0.970509, 0.37472, -1e-06, -0.97051, 0.241067, -0.0, 0.0, 0.0, 0.0, 1.0],
                [0.999998, -0.0, -0.0, -0.0, 0.0, 0.265755, 0.964041, 0.37472, -0.0, -0.964041, 0.265755, -0.0, 0.0, 0.0, 0.0, 1.0],
                [0.999998, -1e-06, 0.0, 0.0, 0.0, 0.310047, 0.950722, 0.37472, -1e-06, -0.950722, 0.310047, 0.0, 0.0, 0.0, 0.0, 1.0],
                [0.999998, -0.0, 0.0, -0.0, 0.0, 0.41285, 0.9108, 0.37472, -0.0, -0.9108, 0.41285, 0.0, 0.0, 0.0, 0.0, 1.0],
                [0.999998, -1e-06, 0.0, 0.0, 0.0, 0.551587, 0.834119, 0.37472, -1e-06, -0.834118, 0.551588, 0.0, 0.0, 0.0, 0.0, 1.0],
                [0.999999, -1e-06, 0.0, -0.0, 0.0, 0.715849, 0.698257, 0.37472, -1e-06, -0.698255, 0.715851, 0.0, 0.0, 0.0, 0.0, 1.0],
                [0.999998, -1e-06, 0.0, -0.0, 0.0, 0.84514, 0.534544, 0.37472, -0.0, -0.534542, 0.845144, 0.0, 0.0, 0.0, 0.0, 1.0],
                [0.999998, -0.0, 0.0, 0.0, 0.0, 0.912616, 0.408818, 0.37472, -0.0, -0.408816, 0.912619, 0.0, 0.0, 0.0, 0.0, 1.0],
                [0.999998, -0.0, 0.0, -0.0, 0.0, 0.945905, 0.32444, 0.37472, -0.0, -0.324438, 0.94591, -0.0, 0.0, 0.0, 0.0, 1.0],
                [0.999998, -0.0, 0.0, -0.0, 0.0, 0.96811, 0.25052, 0.37472, -0.0, -0.250518, 0.968115, -0.0, 0.0, 0.0, 0.0, 1.0],
                [0.999998, -0.0, 0.0, -0.0, 0.0, 0.980123, 0.198383, 0.37472, -0.0, -0.198382, 0.980128, -0.0, 0.0, 0.0, 0.0, 1.0],
                [0.999998, -0.0, 0.0, -0.0, 0.0, 0.983043, 0.183366, 0.37472, -0.0, -0.183365, 0.983048, 0.0, 0.0, 0.0, 0.0, 1.0],
                [0.999998, -0.0, 0.0, 0.0, 0.0, 0.976768, 0.214287, 0.37472, -0.0, -0.214286, 0.976774, 0.0, 0.0, 0.0, 0.0, 1.0],
                [0.999998, -0.0, 0.0, 0.0, 0.0, 0.955831, 0.29391, 0.37472, -0.0, -0.293909, 0.955837, -0.0, 0.0, 0.0, 0.0, 1.0],
                [0.999998, -1e-06, 0.0, -0.0, 0.0, 0.910351, 0.413835, 0.37472, -0.0, -0.413833, 0.910355, 0.0, 0.0, 0.0, 0.0, 1.0],
                [0.999998, -0.0, 0.0, -0.0, 0.0, 0.836483, 0.547993, 0.37472, -0.0, -0.547991, 0.836486, -0.0, 0.0, 0.0, 0.0, 1.0],
                [0.999999, -1e-06, 0.0, 0.0, 1e-06, 0.73601, 0.676973, 0.37472, -0.0, -0.676971, 0.736012, -0.0, 0.0, 0.0, 0.0, 1.0],
                [0.999999, -1e-06, 0.0, 0.0, 0.0, 0.620387, 0.784298, 0.37472, -1e-06, -0.784296, 0.620388, -0.0, 0.0, 0.0, 0.0, 1.0],
                [0.999999, -1e-06, -0.0, 0.0, 1e-06, 0.505697, 0.862713, 0.37472, -1e-06, -0.862713, 0.505697, -0.0, 0.0, 0.0, 0.0, 1.0],
                [0.999998, -1e-06, 0.0, -0.0, 0.0, 0.366352, 0.930477, 0.37472, -1e-06, -0.930477, 0.366352, 0.0, 0.0, 0.0, 0.0, 1.0],
                [0.999998, -1e-06, -0.0, 0.0, 0.0, 0.208651, 0.977991, 0.37472, -0.0, -0.977992, 0.208651, 0.0, 0.0, 0.0, 0.0, 1.0],
                [0.999998, -1e-06, -0.0, 0.0, 0.0, 0.034885, 0.999392, 0.37472, -1e-06, -0.999393, 0.034885, -0.0, 0.0, 0.0, 0.0, 1.0],
                [0.999998, -0.0, -1e-06, 0.0, 0.0, -0.172461, 0.985017, 0.37472, -0.0, -0.985018, -0.172461, 0.0, 0.0, 0.0, 0.0, 1.0],
                [0.999998, -0.0, -1e-06, -0.0, 0.0, -0.396395, 0.918081, 0.37472, -1e-06, -0.918081, -0.396395, 0.0, 0.0, 0.0, 0.0, 1.0],
                [0.999998, -0.0, -1e-06, 0.0, 0.0, -0.586824, 0.809716, 0.37472, -1e-06, -0.809715, -0.586825, -0.0, 0.0, 0.0, 0.0, 1.0],
                [0.999998, -0.0, -1e-06, 0.0, 0.0, -0.710755, 0.703442, 0.37472, -1e-06, -0.703441, -0.710756, 0.0, 0.0, 0.0, 0.0, 1.0],
                [0.999998, 0.0, -1e-06, 0.0, 1e-06, -0.769765, 0.638329, 0.37472, -1e-06, -0.638327, -0.769767, 0.0, 0.0, 0.0, 0.0, 1.0],
                [0.999998, -0.0, -1e-06, -0.0, 0.0, -0.764964, 0.644075, 0.37472, -0.0, -0.644073, -0.764966, -0.0, 0.0, 0.0, 0.0, 1.0],
                [0.999998, -0.0, -1e-06, -0.0, 0.0, -0.738261, 0.674517, 0.37472, -1e-06, -0.674516, -0.738262, -0.0, 0.0, 0.0, 0.0, 1.0],
                [0.999999, -0.0, -1e-06, 0.0, 0.0, -0.701308, 0.71286, 0.37472, -1e-06, -0.712858, -0.70131, -0.0, 0.0, 0.0, 0.0, 1.0],
                [0.999999, -0.0, -1e-06, 0.0, 0.0, -0.675886, 0.737008, 0.37472, -1e-06, -0.737006, -0.675888, 0.0, 0.0, 0.0, 0.0, 1.0],
                [0.999998, -0.0, -1e-06, -0.0, 0.0, -0.653931, 0.756557, 0.37472, -1e-06, -0.756555, -0.653932, 0.0, 0.0, 0.0, 0.0, 1.0],
                [0.999998, -0.0, -1e-06, 0.0, 0.0, -0.612485, 0.790484, 0.37472, -1e-06, -0.790483, -0.612486, -0.0, 0.0, 0.0, 0.0, 1.0],
                [0.999998, -0.0, -0.0, -0.0, 0.0, -0.543296, 0.839543, 0.37472, -0.0, -0.839542, -0.543297, -0.0, 0.0, 0.0, 0.0, 1.0],
                [0.999999, -1e-06, -1e-06, 0.0, 0.0, -0.425322, 0.905043, 0.37472, -1e-06, -0.905043, -0.425322, -0.0, 0.0, 0.0, 0.0, 1.0],
                [0.999998, -1e-06, -1e-06, -0.0, 0.0, -0.267395, 0.963588, 0.37472, -1e-06, -0.963589, -0.267395, 0.0, 0.0, 0.0, 0.0, 1.0],
                [0.999998, -0.0, -0.0, -0.0, 0.0, -0.079855, 0.996807, 0.37472, -1e-06, -0.996808, -0.079855, -0.0, 0.0, 0.0, 0.0, 1.0],
                [0.999998, -0.0, -0.0, 0.0, 0.0, 0.135968, 0.990714, 0.37472, -0.0, -0.990715, 0.135968, 0.0, 0.0, 0.0, 0.0, 1.0],
                [0.999998, -0.0, -0.0, -0.0, 0.0, 0.366236, 0.930523, 0.37472, -0.0, -0.930522, 0.366237, -0.0, 0.0, 0.0, 0.0, 1.0],
                [0.999998, -1e-06, 0.0, -0.0, 0.0, 0.559797, 0.828632, 0.37472, -1e-06, -0.82863, 0.559797, -0.0, 0.0, 0.0, 0.0, 1.0],
                [0.999998, -0.0, 0.0, -0.0, 0.0, 0.734128, 0.679012, 0.37472, -0.0, -0.67901, 0.73413, -0.0, 0.0, 0.0, 0.0, 1.0],
                [0.999998, -1e-06, 0.0, -0.0, 0.0, 0.853107, 0.521735, 0.37472, -0.0, -0.521733, 0.853111, -0.0, 0.0, 0.0, 0.0, 1.0],
                [0.999998, -1e-06, 0.0, -0.0, 1e-06, 0.844617, 0.535371, 0.37472, -1e-06, -0.535369, 0.84462, -0.0, 0.0, 0.0, 0.0, 1.0],
                [0.999998, -0.0, 0.0, 0.0, 0.0, 0.809876, 0.586601, 0.37472, -0.0, -0.586599, 0.80988, -0.0, 0.0, 0.0, 0.0, 1.0],
                [0.999999, -1e-06, -0.0, -0.0, 0.0, 0.69003, 0.723783, 0.37472, -0.0, -0.723781, 0.690031, 0.0, 0.0, 0.0, 0.0, 1.0],
                [0.999998, -1e-06, -0.0, 0.0, 0.0, 0.559797, 0.828631, 0.37472, -0.0, -0.82863, 0.559797, 0.0, 0.0, 0.0, 0.0, 1.0],
                [0.999998, -1e-06, -0.0, 0.0, 0.0, 0.459526, 0.888165, 0.37472, -1e-06, -0.888165, 0.459526, -0.0, 0.0, 0.0, 0.0, 1.0],
                [0.999999, -1e-06, -0.0, 0.0, 0.0, 0.379468, 0.925206, 0.37472, -0.0, -0.925206, 0.379468, -0.0, 0.0, 0.0, 0.0, 1.0],
                [0.999998, -1e-06, -0.0, 0.0, 0.0, 0.309336, 0.950954, 0.37472, -1e-06, -0.950954, 0.309336, -0.0, 0.0, 0.0, 0.0, 1.0]
            ]
        },
        {
            "name": "Knee_L",
            "time": [0.0, 2.0],
            "transform": [
                [1.0, 0.0, -0.0, -0.0, -0.0, 1e-06, -1.0, 0.37472, -0.0, 1.0, 1e-06, -0.0, 0.0, 0.0, 0.0, 1.0],
                [1.0, 0.0, -0.0, 0.0, -0.0, 1e-06, -1.0, 0.37472, -0.0, 1.0, 1e-06, -0.0, 0.0, 0.0, 0.0, 1.0]
            ]
        },
        {
            "name": "Torso",
            "time": [0.0, 0.0417, 0.0833, 0.125, 0.1667, 0.2083, 0.25, 0.2917, 0.3333, 0.375, 0.4167, 0.4583, 0.5, 0.5417, 0.5833, 0.625, 0.6667, 0.7083, 0.75, 0.7917, 0.8333, 0.875, 0.9167, 0.9583, 1.0, 1.0417, 1.0833, 1.125, 1.1667, 1.2083, 1.25, 1.2917, 1.3333, 1.375, 1.4167, 1.4583, 1.5, 1.5417, 1.5833, 1.625, 1.6667, 1.7083, 1.75, 1.7917, 1.8333, 1.875, 1.9167, 1.9583, 2.0],
            "transform": [
                [-0.89419, -0.01992, -0.447247, -0.0, -0.071413, 0.992563, 0.098569, 0.05, 0.441959, 0.120078, -0.888963, -0.0, 0.0, 0.0, 0.0, 1.0],
                [-0.894351, -0.026485, -0.446584, -0.0, -0.081379, 0.991221, 0.104189, 0.05, 0.439905, 0.129523, -0.888655, 0.0, 0.0, 0.0, 0.0, 1.0],
                [-0.895091, -0.035922, -0.444438, 0.0, -0.09727, 0.988473, 0.116005, 0.05, 0.435149, 0.147065, -0.888267, -0.0, 0.0, 0.0, 0.0, 1.0],
                [-0.896886, -0.037749, -0.440649, -0.0, -0.10462, 0.986179, 0.128459, 0.05, 0.429711, 0.161313, -0.88844, 0.0, 0.0, 0.0, 0.0, 1.0],
                [-0.900316, -0.03207, -0.434057, -0.0, -0.105736, 0.98352, 0.146648, 0.05, 0.422202, 0.177925, -0.88887, -0.0, 0.0, 0.0, 0.0, 1.0],
                [-0.9051, -0.021679, -0.424649, -0.0, -0.102991, 0.980136, 0.169478, 0.05, 0.412541, 0.197129, -0.889354, -0.0, 0.0, 0.0, 0.0, 1.0],
                [-0.910444, -0.009122, -0.413534, -0.0, -0.098098, 0.975995, 0.194443, 0.05, 0.401835, 0.217596, -0.889483, -0.0, 0.0, 0.0, 0.0, 1.0],
                [-0.915303, 0.001504, -0.402766, -0.0, -0.093999, 0.971579, 0.217246, 0.05, 0.391647, 0.236705, -0.889148, 0.0, 0.0, 0.0, 0.0, 1.0],
                [-0.919328, 0.008282, -0.393408, -0.0, -0.092152, 0.967443, 0.235709, 0.05, 0.382553, 0.252946, -0.888635, 0.0, 0.0, 0.0, 0.0, 1.0],
                [-0.921805, 0.010086, -0.387526, -0.0, -0.095064, 0.963255, 0.251198, 0.05, 0.375821, 0.268394, -0.886975, -0.0, 0.0, 0.0, 0.0, 1.0],
                [-0.922533, 0.006527, -0.385868, -0.0, -0.103485, 0.959054, 0.263635, 0.05, 0.37179, 0.283143, -0.884083, -0.0, 0.0, 0.0, 0.0, 1.0],
                [-0.922635, -0.000505, -0.385678, -0.0, -0.114702, 0.955109, 0.273144, 0.05, 0.368228, 0.296249, -0.881275, -0.0, 0.0, 0.0, 0.0, 1.0],
